gyroADC_X,gyroADC_Y,gyroADC_Z,accADC_X,accADC_Y,accADC_Z,GyroX,GyroY,GyroZ,AccX,AccY,AccZ,roll_IMU,pitch_IMU,yaw_IMU,roll_PID,pitch_PID,yaw_PID
0,0,0,-60,-380,3901,0.04,0.01,-0.05,-0.60,-3.80,39.01,-5.68,1.09,5.37,3.81,-0.69,-0.53
0,0,-1,-42,-386,3905,0.03,0.01,-0.05,-0.42,-3.86,39.05,-5.67,1.07,5.37,3.80,-0.69,-0.45
2,-1,-1,-54,-394,3921,0.04,0.00,-0.05,-0.54,-3.94,39.21,-5.68,1.05,5.37,3.52,-0.53,-0.45
3,2,0,-78,-393,3919,0.05,0.02,-0.04,-0.78,-3.93,39.19,-5.69,1.07,5.37,3.40,-0.98,-0.53
1,1,-2,-92,-403,3901,0.06,0.02,-0.05,-0.92,-4.03,39.01,-5.70,1.09,5.37,3.71,-0.83,-0.37
1,0,-2,-103,-404,3892,0.06,0.02,-0.06,-1.03,-4.04,38.92,-5.71,1.10,5.37,3.72,-0.69,-0.38
0,0,0,-113,-380,3932,0.05,0.02,-0.05,-1.13,-3.80,39.32,-5.70,1.12,5.37,3.86,-0.71,-0.54
0,0,0,-105,-378,3901,0.05,0.02,-0.05,-1.05,-3.78,39.01,-5.69,1.14,5.37,3.84,-0.72,-0.53
1,-1,-1,-83,-391,3908,0.05,0.01,-0.05,-0.83,-3.91,39.08,-5.70,1.15,5.37,3.70,-0.59,-0.45
0,0,-1,-72,-386,3907,0.04,0.01,-0.05,-0.72,-3.86,39.07,-5.69,1.14,5.37,3.83,-0.74,-0.45
0,1,0,-34,-391,3900,0.04,0.01,-0.05,-0.34,-3.91,39.00,-5.69,1.12,5.37,3.83,-0.87,-0.53
2,0,0,-42,-383,3885,0.05,0.01,-0.04,-0.42,-3.83,38.85,-5.69,1.10,5.37,3.54,-0.71,-0.53
1,0,0,-59,-392,3933,0.05,0.01,-0.04,-0.59,-3.92,39.33,-5.69,1.08,5.37,3.69,-0.70,-0.52
0,0,-1,-70,-389,3914,0.04,0.01,-0.04,-0.70,-3.89,39.14,-5.68,1.06,5.37,3.83,-0.69,-0.44
1,0,-1,-86,-385,3911,0.04,0.01,-0.04,-0.86,-3.85,39.11,-5.68,1.08,5.37,3.68,-0.70,-0.44
1,0,-2,-96,-376,3906,0.05,0.01,-0.05,-0.96,-3.76,39.06,-5.67,1.10,5.37,3.68,-0.71,-0.37
1,1,0,-88,-378,3911,0.05,0.01,-0.04,-0.88,-3.78,39.11,-5.66,1.11,5.37,3.67,-0.86,-0.53
0,1,0,-81,-393,3903,0.04,0.02,-0.04,-0.81,-3.93,39.03,-5.67,1.12,5.37,3.83,-0.86,-0.53
1,0,-1,-84,-401,3915,0.04,0.02,-0.04,-0.84,-4.01,39.15,-5.69,1.13,5.37,3.69,-0.72,-0.44
1,0,-1,-81,-398,3923,0.05,0.01,-0.04,-0.81,-3.98,39.23,-5.70,1.14,5.37,3.70,-0.73,-0.45
1,0,1,-76,-391,3912,0.05,0.01,-0.03,-0.76,-3.91,39.12,-5.71,1.12,5.37,3.70,-0.72,-0.60
1,0,0,-64,-382,3922,0.05,0.01,-0.03,-0.64,-3.82,39.22,-5.69,1.11,5.37,3.70,-0.71,-0.52
2,0,-1,-61,-382,3909,0.06,0.01,-0.03,-0.61,-3.82,39.09,-5.69,1.09,5.37,3.55,-0.70,-0.43
1,0,-1,-61,-385,3904,0.06,0.01,-0.04,-0.61,-3.85,39.04,-5.68,1.07,5.37,3.71,-0.69,-0.44
1,0,0,-79,-386,3911,0.06,0.01,-0.03,-0.79,-3.86,39.11,-5.67,1.09,5.37,3.70,-0.70,-0.52
1,0,-1,-69,-385,3902,0.06,0.01,-0.04,-0.69,-3.85,39.02,-5.66,1.07,5.37,3.70,-0.69,-0.44
1,-1,-1,-85,-385,3922,0.06,0.00,-0.04,-0.85,-3.85,39.22,-5.66,1.09,5.37,3.69,-0.57,-0.44
1,0,0,-85,-396,3914,0.06,0.00,-0.03,-0.85,-3.96,39.14,-5.67,1.10,5.37,3.70,-0.73,-0.52
1,0,-1,-66,-392,3910,0.06,0.00,-0.04,-0.66,-3.92,39.10,-5.68,1.09,5.37,3.70,-0.72,-0.44
0,0,-2,-60,-388,3912,0.05,0.00,-0.05,-0.60,-3.88,39.12,-5.67,1.07,5.37,3.85,-0.70,-0.36
1,0,-1,-56,-385,3914,0.05,0.00,-0.05,-0.56,-3.85,39.14,-5.67,1.05,5.37,3.69,-0.69,-0.45
1,0,-1,-54,-382,3907,0.05,0.00,-0.05,-0.54,-3.82,39.07,-5.66,1.03,5.37,3.69,-0.68,-0.45
2,0,-2,-69,-383,3914,0.06,0.00,-0.06,-0.69,-3.83,39.14,-5.65,1.03,5.37,3.54,-0.68,-0.37
1,0,-1,-76,-382,3922,0.06,0.00,-0.06,-0.76,-3.82,39.22,-5.63,1.04,5.37,3.68,-0.69,-0.46
1,1,0,-84,-384,3916,0.06,0.01,-0.05,-0.84,-3.84,39.16,-5.63,1.06,5.37,3.68,-0.84,-0.54
1,1,0,-83,-390,3908,0.06,0.01,-0.05,-0.83,-3.90,39.08,-5.64,1.07,5.37,3.68,-0.84,-0.53
1,1,0,-79,-386,3909,0.06,0.02,-0.04,-0.79,-3.86,39.09,-5.64,1.09,5.37,3.68,-0.84,-0.53
1,2,1,-83,-399,3900,0.06,0.03,-0.03,-0.83,-3.99,39.00,-5.65,1.10,5.37,3.69,-0.98,-0.60
2,0,-1,-78,-389,3904,0.07,0.02,-0.03,-0.78,-3.89,39.04,-5.67,1.11,5.37,3.56,-0.69,-0.43
1,0,-1,-82,-387,3904,0.07,0.02,-0.04,-0.82,-3.87,39.04,-5.66,1.13,5.37,3.71,-0.71,-0.44
0,-9,-11,31,-439,3870,0.06,-0.04,-0.10,0.31,-4.39,38.70,-5.67,1.12,5.37,3.86,0.57,0.34
-2,-20,-25,-173,-374,3868,0.04,-0.15,-0.24,-1.73,-3.74,38.68,-5.67,1.13,5.38,4.13,2.01,1.38
-3,-16,2,-10,-451,3852,0.02,-0.24,-0.21,-0.10,-4.51,38.52,-5.68,1.12,5.38,4.24,1.25,-0.87
-7,-7,-1,-149,-352,3939,-0.03,-0.25,-0.19,-1.49,-3.52,39.39,-5.67,1.14,5.38,4.76,-0.16,-0.60
-5,-3,-10,-73,-374,3885,-0.05,-0.25,-0.23,-0.73,-3.74,38.85,-5.66,1.13,5.38,4.40,-0.76,0.12
2,-2,-9,-72,-344,3936,-0.04,-0.24,-0.26,-0.72,-3.44,39.36,-5.64,1.12,5.38,3.35,-0.88,-0.00
3,-6,-160,238,-793,3953,-0.01,-0.25,-1.21,2.38,-7.93,39.53,-5.65,1.11,5.38,3.25,-0.29,11.79
-16,-27,-221,-196,-206,3929,-0.11,-0.39,-2.44,-1.96,-2.06,39.29,-5.64,1.12,5.39,5.95,2.64,15.65
10,-24,-214,-261,-680,4163,-0.04,-0.50,-3.50,-2.61,-6.80,41.63,-5.66,1.13,5.41,2.14,1.98,13.94
2,-34,-245,-314,-657,3906,-0.02,-0.65,-4.65,-3.14,-6.57,39.06,-5.67,1.13,5.43,3.39,3.20,15.35
2,-16,-314,-236,-498,3981,-0.01,-0.69,-6.10,-2.36,-4.98,39.81,-5.68,1.14,5.45,3.43,0.39,19.66
9,-11,-308,-191,-385,3869,0.05,-0.68,-7.37,-1.91,-3.85,38.69,-5.68,1.16,5.48,2.47,-0.38,17.80
8,-36,-232,-112,-235,3962,0.09,-0.84,-8.04,-1.12,-2.35,39.62,-5.66,1.15,5.51,2.69,3.15,10.64
4,-16,-198,-121,-187,3857,0.11,-0.85,-8.45,-1.21,-1.87,38.57,-5.65,1.15,5.54,3.32,0.07,7.33
-9,-13,-68,10,-192,3865,0.04,-0.84,-8.02,0.10,-1.92,38.65,-5.63,1.14,5.57,5.17,-0.37,-3.23
3,-5,-46,55,-226,3868,0.06,-0.79,-7.50,0.55,-2.26,38.68,-5.62,1.12,5.60,3.35,-1.47,-4.55
-2,-2,-15,96,-311,3868,0.04,-0.72,-6.84,0.96,-3.11,38.68,-5.61,1.10,5.63,4.08,-1.79,-6.48
-1,-2,-8,87,-306,3918,0.03,-0.66,-6.20,0.87,-3.06,39.18,-5.60,1.07,5.65,3.90,-1.66,-6.40
-1,0,-4,-16,-367,3904,0.02,-0.60,-5.61,-0.16,-3.67,39.04,-5.60,1.05,5.68,3.88,-1.82,-6.11
2,-3,-5,-31,-380,3905,0.03,-0.56,-5.08,-0.31,-3.80,39.05,-5.60,1.03,5.70,3.44,-1.27,-5.47
-5,-2,-13,-29,-450,3849,-0.00,-0.51,-4.65,-0.29,-4.50,38.49,-5.61,1.02,5.71,4.46,-1.34,-4.34
5,1,-24,-36,-505,3881,0.03,-0.45,-4.33,-0.36,-5.05,38.81,-5.63,1.01,5.73,3.00,-1.68,-3.07
2,-2,-114,56,-705,3886,0.04,-0.42,-4.59,0.56,-7.05,38.86,-5.65,1.00,5.75,3.49,-1.15,4.28
6,1,-163,94,-727,3898,0.07,-0.37,-5.13,0.94,-7.27,38.98,-5.66,0.99,5.77,2.95,-1.51,7.86
4,-5,-268,-12,-624,3886,0.09,-0.37,-6.25,-0.12,-6.24,38.86,-5.68,0.98,5.80,3.30,-0.58,15.57
11,5,-287,-51,-579,3875,0.15,-0.30,-7.38,-0.51,-5.79,38.75,-5.70,0.97,5.83,2.36,-1.97,15.98
6,-2,-276,-145,-271,3885,0.17,-0.28,-8.32,-1.45,-2.71,38.85,-5.68,0.98,5.86,3.15,-0.87,14.04
0,-10,-225,-213,-203,3938,0.15,-0.31,-8.86,-2.13,-2.03,39.38,-5.67,0.99,5.89,4.03,0.28,9.15
0,-5,-123,-147,-150,3923,0.14,-0.31,-8.73,-1.47,-1.50,39.23,-5.65,0.99,5.93,3.99,-0.48,0.65
2,-7,-106,-118,-190,3909,0.13,-0.32,-8.50,-1.18,-1.90,39.09,-5.64,0.99,5.96,3.67,-0.20,-0.56
0,-1,-59,-80,-203,3920,0.12,-0.30,-8.01,-0.80,-2.03,39.20,-5.62,0.98,5.99,3.94,-1.06,-4.02
-1,-1,-45,-57,-186,3902,0.10,-0.27,-7.48,-0.57,-1.86,39.02,-5.60,0.98,6.02,4.04,-1.01,-4.65
1,1,-5,-84,-350,3911,0.10,-0.24,-6.77,-0.84,-3.50,39.11,-5.58,0.98,6.05,3.72,-1.26,-7.28
1,3,-4,-66,-322,3932,0.09,-0.20,-6.11,-0.66,-3.22,39.32,-5.56,0.98,6.07,3.70,-1.48,-6.68
1,2,0,-85,-357,3915,0.09,-0.17,-5.50,-0.85,-3.57,39.15,-5.55,0.99,6.09,3.68,-1.27,-6.37
3,2,0,-86,-383,3924,0.10,-0.14,-4.95,-0.86,-3.83,39.24,-5.55,1.00,6.11,3.40,-1.23,-5.79
2,1,-3,-73,-404,3921,0.10,-0.12,-4.48,-0.73,-4.04,39.21,-5.57,1.00,6.13,3.57,-1.04,-5.04
0,0,-3,-86,-376,3912,0.09,-0.11,-4.05,-0.86,-3.76,39.12,-5.56,1.02,6.15,3.85,-0.87,-4.58
1,0,0,-63,-385,3901,0.09,-0.10,-3.64,-0.63,-3.85,39.01,-5.57,1.00,6.16,3.70,-0.84,-4.41
2,1,1,-44,-403,3900,0.09,-0.08,-3.27,-0.44,-4.03,39.00,-5.59,0.99,6.18,3.56,-0.96,-4.10
1,0,0,-42,-409,3897,0.09,-0.07,-2.94,-0.42,-4.09,38.97,-5.60,0.97,6.19,3.71,-0.78,-3.67
0,0,-1,-56,-392,3908,0.08,-0.06,-2.66,-0.56,-3.92,39.08,-5.61,0.96,6.20,3.86,-0.76,-3.29
0,1,-3,-70,-377,3914,0.07,-0.05,-2.41,-0.70,-3.77,39.14,-5.60,0.97,6.21,3.83,-0.89,-2.85
0,1,-3,-73,-368,3899,0.07,-0.04,-2.19,-0.73,-3.68,38.99,-5.58,0.97,6.22,3.81,-0.87,-2.62
0,-1,-2,-83,-377,3922,0.06,-0.04,-1.98,-0.83,-3.77,39.22,-5.57,0.99,6.22,3.79,-0.58,-2.49
1,1,1,-83,-384,3903,0.06,-0.03,-1.78,-0.83,-3.84,39.03,-5.58,1.01,6.23,3.64,-0.88,-2.53
1,2,6,-77,-394,3909,0.06,-0.02,-1.56,-0.77,-3.94,39.09,-5.59,1.02,6.24,3.65,-1.01,-2.72
1,2,7,-75,-389,3920,0.06,-0.00,-1.36,-0.75,-3.89,39.20,-5.60,1.03,6.24,3.66,-0.99,-2.60
0,1,0,-41,-408,3909,0.05,0.00,-1.23,-0.41,-4.08,39.09,-5.62,1.01,6.25,3.81,-0.82,-1.86
-1,1,1,-29,-401,3906,0.04,0.01,-1.10,-0.29,-4.01,39.06,-5.62,1.00,6.25,3.94,-0.79,-1.81
0,0,-2,-28,-395,3915,0.04,0.01,-1.00,-0.28,-3.95,39.15,-5.63,0.98,6.26,3.78,-0.63,-1.45
2,1,1,-40,-380,3909,0.05,0.01,-0.89,-0.40,-3.80,39.09,-5.62,0.96,6.26,3.49,-0.76,-1.59
2,0,0,-67,-376,3895,0.05,0.01,-0.80,-0.67,-3.76,38.95,-5.60,0.96,6.26,3.50,-0.61,-1.42
1,0,1,-80,-386,3901,0.05,0.01,-0.72,-0.80,-3.86,39.01,-5.61,0.98,6.27,3.65,-0.63,-1.41
1,0,0,-106,-390,3898,0.06,0.01,-0.65,-1.06,-3.90,38.98,-5.61,1.00,6.27,3.66,-0.64,-1.25
1,0,1,-111,-387,3909,0.06,0.01,-0.58,-1.11,-3.87,39.09,-5.61,1.02,6.27,3.66,-0.65,-1.26
1,0,1,-78,-387,3905,0.06,0.01,-0.51,-0.78,-3.87,39.05,-5.62,1.03,6.27,3.66,-0.67,-1.19
-1,1,-5,-53,-415,3898,0.04,0.01,-0.49,-0.53,-4.15,38.98,-5.64,1.02,6.28,3.96,-0.80,-0.66
-4,-10,-65,-233,-706,3846,0.02,-0.05,-0.84,-2.33,-7.06,38.46,-5.65,1.03,6.28,4.37,0.75,4.05
6,-10,-106,-237,-765,3980,0.05,-0.11,-1.40,-2.37,-7.65,39.80,-5.67,1.04,6.28,2.92,0.64,6.93
5,-10,-311,-198,-853,3930,0.08,-0.16,-3.16,-1.98,-8.53,39.30,-5.69,1.04,6.30,3.13,0.54,22.44
2,-5,-376,-195,-853,3849,0.08,-0.17,-5.14,-1.95,-8.53,38.49,-5.70,1.04,6.32,3.61,-0.25,25.85
14,-15,-536,-238,-605,3910,0.16,-0.25,-7.89,-2.38,-6.05,39.10,-5.72,1.05,6.35,1.94,1.13,36.48
13,-4,-562,-319,-563,3883,0.22,-0.24,-10.53,-3.19,-5.63,38.83,-5.73,1.06,6.39,2.22,-0.55,35.89
-9,-13,-585,-361,-444,3967,0.14,-0.30,-13.05,-3.61,-4.44,39.67,-5.73,1.07,6.44,5.43,0.71,35.17
10,-16,-585,-339,-403,3870,0.19,-0.37,-15.31,-3.39,-4.03,38.70,-5.73,1.08,6.50,2.62,1.03,32.77
25,-8,-546,-6,-246,3869,0.32,-0.38,-17.11,-0.06,-2.46,38.69,-5.72,1.07,6.57,0.57,-0.20,27.55
7,-4,-489,286,-99,3938,0.33,-0.37,-18.38,2.86,-0.99,39.38,-5.70,1.04,6.65,3.33,-0.77,21.37
9,0,-345,672,95,3899,0.36,-0.33,-18.65,6.72,0.95,38.99,-5.69,1.02,6.72,3.06,-1.30,8.88
5,-5,-314,605,-12,3915,0.35,-0.33,-18.70,6.05,-0.12,39.15,-5.69,1.00,6.79,3.65,-0.51,6.19
2,-6,-306,416,-297,3934,0.33,-0.33,-18.70,4.16,-2.97,39.34,-5.68,0.97,6.87,4.07,-0.35,5.51
11,1,-334,351,-295,3871,0.36,-0.29,-18.86,3.51,-2.95,38.71,-5.68,0.94,6.94,2.76,-1.33,7.70
7,-2,-488,19,-433,3891,0.37,-0.27,-19.95,0.19,-4.33,38.91,-5.69,0.92,7.02,3.38,-0.82,19.58
14,-13,-555,-12,-455,3945,0.42,-0.33,-21.34,-0.12,-4.55,39.45,-5.70,0.90,7.11,2.42,0.77,23.78
19,-11,-744,-1,-374,3922,0.49,-0.36,-23.75,-0.01,-3.74,39.22,-5.69,0.87,7.20,1.79,0.42,37.24
18,-33,-782,66,-291,3922,0.55,-0.53,-26.14,0.66,-2.91,39.22,-5.68,0.84,7.30,2.05,3.48,37.91
9,-26,-867,-101,-280,3870,0.55,-0.63,-28.82,-1.01,-2.80,38.70,-5.67,0.83,7.42,3.41,2.22,42.27
10,-23,-875,-155,-271,3888,0.56,-0.71,-31.27,-1.55,-2.71,38.88,-5.65,0.83,7.54,3.26,1.62,40.34
11,-26,-862,-143,-268,3916,0.57,-0.80,-33.40,-1.43,-2.68,39.16,-5.64,0.82,7.68,3.12,1.91,36.97
13,-26,-867,-192,-263,3926,0.59,-0.88,-35.35,-1.92,-2.63,39.26,-5.62,0.82,7.82,2.85,1.76,35.32
13,-15,-880,-269,-173,3890,0.61,-0.88,-37.19,-2.69,-1.73,38.90,-5.61,0.82,7.96,2.88,0.08,34.46
-8,-24,-878,-298,-217,3942,0.50,-0.94,-38.82,-2.98,-2.17,39.42,-5.60,0.81,8.12,5.87,1.35,32.55
15,-27,-845,-276,-141,3949,0.54,-1.01,-40.09,-2.76,-1.41,39.49,-5.59,0.80,8.28,2.43,1.68,28.39
14,-13,-840,-391,-272,3857,0.57,-0.99,-41.21,-3.91,-2.72,38.57,-5.58,0.80,8.44,2.64,-0.42,26.77
24,0,-877,-435,-386,3899,0.66,-0.89,-42.44,-4.35,-3.86,38.99,-5.58,0.80,8.61,1.28,-2.21,28.59
6,-12,-896,-350,-429,3896,0.63,-0.87,-43.66,-3.50,-4.29,38.96,-5.58,0.80,8.78,3.97,-0.35,28.89
21,1,-919,-83,-378,3944,0.70,-0.78,-44.90,-0.83,-3.78,39.44,-5.58,0.79,8.96,1.80,-2.15,29.51
25,3,-948,-3,-327,3938,0.78,-0.68,-46.19,-0.03,-3.27,39.38,-5.56,0.76,9.14,1.34,-2.25,30.58
17,-1,-980,-323,-120,3819,0.81,-0.62,-47.55,-3.23,-1.20,38.19,-5.55,0.75,9.33,2.60,-1.52,31.84
29,7,-946,-433,-168,3949,0.90,-0.52,-48.57,-4.33,-1.68,39.49,-5.54,0.75,9.53,0.94,-2.54,27.86
20,2,-953,-217,-701,3882,0.93,-0.45,-49.52,-2.17,-7.01,38.82,-5.56,0.74,9.72,2.39,-1.65,27.43
26,-7,-1001,-181,-720,3845,1.00,-0.45,-50.68,-1.81,-7.20,38.45,-5.57,0.72,9.93,1.61,-0.26,30.25
19,-9,-1056,-218,-264,3901,1.02,-0.46,-52.05,-2.18,-2.64,39.01,-5.56,0.72,10.13,2.70,0.03,33.44
12,-13,-1037,-278,-216,3913,0.99,-0.49,-53.17,-2.78,-2.16,39.13,-5.55,0.71,10.34,3.70,0.58,30.62
1,2,-984,-351,-208,3908,0.89,-0.43,-53.86,-3.51,-2.08,39.08,-5.54,0.70,10.56,5.20,-1.59,25.39
11,1,-992,-361,-269,3890,0.87,-0.38,-54.52,-3.61,-2.69,38.90,-5.53,0.70,10.77,3.62,-1.34,25.34
19,0,-1131,-308,-286,3822,0.90,-0.34,-55.97,-3.08,-2.86,38.22,-5.52,0.69,11.00,2.45,-1.11,35.57
29,-1,-1231,-260,-275,3930,0.99,-0.32,-57.88,-2.60,-2.75,39.30,-5.52,0.68,11.23,1.09,-0.90,41.99
29,10,-1390,-227,-277,3894,1.07,-0.22,-60.57,-2.27,-2.77,38.94,-5.51,0.68,11.47,1.23,-2.39,52.59
25,34,-1423,-211,-266,3808,1.11,0.01,-63.20,-2.11,-2.66,38.08,-5.49,0.67,11.72,1.92,-5.61,52.59
3,-6,-1455,-191,-372,3887,1.02,-0.03,-65.75,-1.91,-3.72,38.87,-5.49,0.66,11.98,5.10,0.42,52.57
4,-6,-1447,-176,-374,3751,0.94,-0.06,-68.00,-1.76,-3.74,37.51,-5.49,0.65,12.25,4.80,0.36,49.48
24,-20,-1374,-161,-504,3813,0.99,-0.18,-69.58,-1.61,-5.04,38.13,-5.51,0.64,12.53,1.86,2.29,41.60
25,-14,-1343,-173,-528,3904,1.05,-0.25,-70.82,-1.73,-5.28,39.04,-5.52,0.62,12.81,1.81,1.26,37.64
25,-18,-1198,-67,-690,3865,1.09,-0.33,-71.04,-0.67,-6.90,38.65,-5.54,0.59,13.09,1.91,1.72,25.09
17,2,-1121,-165,-587,3918,1.09,-0.29,-70.78,-1.65,-5.87,39.18,-5.55,0.57,13.38,3.13,-1.23,18.82
1,-7,-862,-212,-567,3910,0.99,-0.30,-68.96,-2.12,-5.67,39.10,-5.56,0.56,13.65,5.39,0.13,-1.22
20,-1,-731,-223,-613,3915,1.01,-0.28,-66.52,-2.23,-6.13,39.15,-5.58,0.54,13.92,2.54,-0.73,-9.76
3,-10,-577,-165,-578,3949,0.93,-0.31,-63.39,-1.65,-5.78,39.49,-5.59,0.53,14.17,4.99,0.59,-19.51
15,8,-549,-102,-548,3895,0.93,-0.23,-60.40,-1.02,-5.48,38.95,-5.60,0.51,14.41,3.16,-1.99,-18.74
13,9,-474,21,-507,3907,0.91,-0.15,-57.25,0.21,-5.07,39.07,-5.62,0.48,14.64,3.45,-1.98,-21.78
-3,-4,-457,75,-474,3898,0.80,-0.16,-54.31,0.75,-4.74,38.98,-5.63,0.44,14.85,5.69,0.01,-20.13
8,-1,-393,-262,-436,3973,0.77,-0.15,-51.28,-2.62,-4.36,39.73,-5.63,0.44,15.06,3.96,-0.42,-22.36
12,11,-330,-794,-458,3960,0.77,-0.07,-48.16,-7.94,-4.58,39.60,-5.63,0.44,15.25,3.34,-2.10,-24.41
-32,-48,-256,-709,-324,3991,0.50,-0.36,-44.91,-7.09,-3.24,39.91,-5.63,0.44,15.43,9.53,6.36,-27.25
-20,-15,-219,-721,-376,3681,0.32,-0.41,-41.75,-7.21,-3.76,36.81,-5.63,0.44,15.59,7.38,1.22,-27.06
2,-20,-87,111,-350,3922,0.30,-0.49,-38.11,1.11,-3.50,39.22,-5.63,0.40,15.74,3.98,1.85,-34.40
-7,-12,-41,366,-387,3914,0.23,-0.52,-34.55,3.66,-3.87,39.14,-5.63,0.37,15.88,5.22,0.61,-34.54
-1,-18,46,461,-385,3903,0.20,-0.57,-30.81,4.61,-3.85,39.03,-5.63,0.34,16.00,4.25,1.44,-37.97
-21,-22,47,467,-406,3884,0.05,-0.65,-27.45,4.67,-4.06,38.84,-5.63,0.31,16.11,7.02,1.92,-34.49
4,-43,28,453,-295,3921,0.07,-0.85,-24.53,4.53,-2.95,39.21,-5.62,0.27,16.21,3.24,4.77,-29.81
-13,-55,6,364,-261,3803,-0.01,-1.10,-22.04,3.64,-2.61,38.03,-5.62,0.24,16.30,5.66,6.15,-25.31
-13,-33,-101,253,-200,3844,-0.09,-1.19,-20.45,2.53,-2.00,38.44,-5.61,0.22,16.38,5.51,2.64,-14.57
-7,-40,-149,251,-113,3870,-0.13,-1.32,-19.32,2.51,-1.13,38.70,-5.60,0.19,16.46,4.52,3.48,-9.31
11,-51,-313,223,-127,3847,-0.05,-1.49,-19.29,2.23,-1.27,38.47,-5.58,0.16,16.53,1.92,4.84,4.60
-3,-44,-350,233,-122,3872,-0.06,-1.61,-19.50,2.33,-1.22,38.72,-5.57,0.14,16.61,4.02,3.56,7.51
0,-18,-473,341,-197,3884,-0.05,-1.56,-20.43,3.41,-1.97,38.84,-5.56,0.11,16.69,3.57,-0.28,16.93
5,-15,-519,174,-206,3832,-0.02,-1.50,-21.56,1.74,-2.06,38.32,-5.55,0.08,16.77,2.87,-0.60,19.63
-3,-20,-539,144,-92,3783,-0.03,-1.47,-22.69,1.44,-0.92,37.83,-5.54,0.06,16.86,4.05,0.23,20.12
2,-15,-541,149,-141,3948,-0.02,-1.41,-23.72,1.49,-1.41,39.48,-5.52,0.03,16.96,3.30,-0.41,19.19
16,-12,-558,8,-140,3835,0.08,-1.35,-24.75,0.08,-1.40,38.35,-5.50,0.02,17.06,1.34,-0.73,19.53
3,-20,-573,-2,-227,3927,0.09,-1.33,-25.77,-0.02,-2.27,39.27,-5.48,0.00,17.16,3.33,0.52,19.71
-4,-40,-643,-128,-223,4047,0.06,-1.44,-27.12,-1.28,-2.23,40.47,-5.47,-0.00,17.27,4.33,3.37,24.21
-1,-28,-657,-108,-334,3791,0.05,-1.47,-28.41,-1.08,-3.34,37.91,-5.46,-0.00,17.38,3.84,1.49,24.01
12,-17,-734,-31,-263,3801,0.11,-1.43,-30.05,-0.31,-2.63,38.01,-5.45,-0.02,17.50,1.98,-0.10,28.79
11,-19,-749,12,-389,3966,0.17,-1.40,-31.61,0.12,-3.89,39.66,-5.46,-0.05,17.62,2.25,0.28,28.40
12,-13,-786,-24,-429,3945,0.23,-1.34,-33.25,-0.24,-4.29,39.45,-5.47,-0.06,17.75,2.21,-0.52,29.79
10,-19,-767,-15,-447,3858,0.26,-1.32,-34.60,-0.15,-4.47,38.58,-5.49,-0.07,17.89,2.60,0.44,26.73
11,-16,-677,-53,-473,3853,0.31,-1.29,-35.27,-0.53,-4.73,38.53,-5.50,-0.08,18.03,2.53,0.05,18.39
6,-14,-654,-76,-504,3975,0.31,-1.24,-35.73,-0.76,-5.04,39.75,-5.52,-0.09,18.17,3.32,-0.16,15.94
4,-16,-578,-175,-499,3964,0.30,-1.22,-35.69,-1.75,-4.99,39.64,-5.53,-0.09,18.32,3.61,0.20,9.53
14,-13,-561,-207,-462,3943,0.36,-1.17,-35.54,-2.07,-4.62,39.43,-5.53,-0.09,18.46,2.20,-0.18,8.24
12,2,-490,138,-477,4018,0.40,-1.04,-34.97,1.38,-4.77,40.18,-5.54,-0.12,18.60,2.58,-2.20,2.81
10,-2,-476,174,-497,3877,0.42,-0.95,-34.38,1.74,-4.97,38.77,-5.55,-0.16,18.73,2.93,-1.40,2.24
15,3,-472,-236,-404,3896,0.47,-0.84,-33.82,-2.36,-4.04,38.96,-5.55,-0.15,18.87,2.26,-1.94,2.48
9,7,-464,-181,-398,3872,0.48,-0.71,-33.27,-1.81,-3.98,38.72,-5.55,-0.15,19.00,3.19,-2.32,2.37
7,1,-456,3,-445,3848,0.47,-0.64,-32.72,0.03,-4.45,38.48,-5.56,-0.17,19.13,3.50,-1.25,2.26
16,6,-453,32,-441,3914,0.52,-0.53,-32.22,0.32,-4.41,39.14,-5.58,-0.19,19.26,2.23,-1.81,2.53
8,-6,-402,-5,-347,3937,0.52,-0.52,-31.45,-0.05,-3.47,39.37,-5.56,-0.19,19.38,3.43,0.06,-0.98
18,-5,-388,15,-357,3906,0.58,-0.50,-30.67,0.15,-3.57,39.06,-5.54,-0.21,19.50,2.00,-0.04,-1.36
1,-11,-362,-177,-273,3896,0.52,-0.51,-29.81,-1.77,-2.73,38.96,-5.53,-0.21,19.62,4.49,0.84,-2.66
0,-7,-355,-188,-266,3878,0.47,-0.51,-28.99,-1.88,-2.66,38.78,-5.52,-0.20,19.74,4.53,0.24,-2.40
10,-5,-398,-68,-275,3889,0.49,-0.49,-28.52,-0.68,-2.75,38.89,-5.50,-0.20,19.85,3.02,-0.02,1.73
6,-3,-414,-50,-276,3901,0.47,-0.46,-28.20,-0.50,-2.76,39.01,-5.48,-0.21,19.96,3.60,-0.27,3.42
8,-2,-440,9,-285,3943,0.48,-0.42,-28.06,0.09,-2.85,39.43,-5.46,-0.22,20.07,3.28,-0.35,5.76
10,-6,-441,1,-234,3946,0.49,-0.42,-27.94,0.01,-2.34,39.46,-5.44,-0.23,20.19,2.99,0.28,5.96
12,-6,-451,-2,-320,3956,0.51,-0.41,-27.90,-0.02,-3.20,39.56,-5.42,-0.23,20.30,2.72,0.29,6.84
-2,-4,-469,-8,-417,3856,0.45,-0.39,-27.97,-0.08,-4.17,38.56,-5.43,-0.24,20.41,4.74,0.02,8.28
7,10,-494,-49,-430,3861,0.45,-0.29,-28.19,-0.49,-4.30,38.61,-5.45,-0.24,20.52,3.37,-1.92,10.16
16,17,-494,-50,-399,3896,0.50,-0.16,-28.38,-0.50,-3.99,38.96,-5.45,-0.23,20.63,2.10,-2.74,9.94
5,4,-444,-52,-341,3876,0.48,-0.12,-28.25,-0.52,-3.41,38.76,-5.44,-0.23,20.74,3.74,-0.69,5.83
-16,-1,-430,-73,-293,3893,0.34,-0.11,-28.05,-0.73,-2.93,38.93,-5.43,-0.22,20.86,6.66,0.08,4.85
-7,-7,-377,44,-238,3869,0.26,-0.15,-27.55,0.44,-2.38,38.69,-5.41,-0.24,20.97,5.13,0.95,0.89
11,-9,-375,36,-263,3926,0.30,-0.19,-27.08,0.36,-2.63,39.26,-5.39,-0.25,21.07,2.45,1.19,1.20
-7,-6,-371,-36,-205,3881,0.23,-0.20,-26.63,-0.36,-2.05,38.81,-5.37,-0.26,21.18,5.04,0.70,1.32
4,1,-382,-122,-260,3884,0.23,-0.18,-26.30,-1.22,-2.60,38.84,-5.36,-0.25,21.28,3.36,-0.32,2.60
1,-19,-430,-212,-276,3956,0.21,-0.28,-26.29,-2.12,-2.76,39.56,-5.35,-0.25,21.39,3.78,2.54,6.66
12,-7,-450,-189,-303,3901,0.26,-0.29,-26.41,-1.89,-3.03,39.01,-5.34,-0.24,21.49,2.20,0.68,8.23
9,-4,-470,-166,-345,3936,0.29,-0.29,-26.63,-1.66,-3.45,39.36,-5.34,-0.23,21.60,2.70,0.22,9.67
4,-3,-469,-123,-310,3890,0.29,-0.28,-26.83,-1.23,-3.10,38.90,-5.33,-0.23,21.71,3.45,0.09,9.37
5,-3,-460,97,-237,3890,0.29,-0.27,-26.96,0.97,-2.37,38.90,-5.31,-0.25,21.81,3.29,0.12,8.47
-2,-5,-460,107,-230,3927,0.25,-0.27,-27.07,1.07,-2.30,39.27,-5.30,-0.27,21.92,4.27,0.43,8.34
6,-6,-463,-45,-130,3927,0.26,-0.28,-27.18,-0.45,-1.30,39.27,-5.28,-0.28,22.03,3.06,0.57,8.46
-3,-7,-470,-80,-122,3855,0.22,-0.29,-27.33,-0.80,-1.22,38.55,-5.26,-0.28,22.14,4.34,0.69,8.89
18,4,-549,-124,-91,3931,0.30,-0.24,-27.95,-1.24,-0.91,39.31,-5.24,-0.28,22.25,1.29,-0.88,14.92
13,-4,-583,-90,-154,3970,0.35,-0.24,-28.71,-0.90,-1.54,39.70,-5.22,-0.29,22.37,2.13,0.34,16.98
-14,5,-693,-119,-345,4045,0.23,-0.19,-30.07,-1.19,-3.45,40.45,-5.22,-0.28,22.49,6.02,-0.93,24.85
-57,15,-722,-127,-440,4013,-0.14,-0.08,-31.46,-1.27,-4.40,40.13,-5.23,-0.28,22.61,11.88,-2.25,25.82
-89,-10,-645,-120,-365,3922,-0.67,-0.13,-32.25,-1.20,-3.65,39.22,-5.23,-0.27,22.74,15.76,1.46,18.45
-93,-21,-606,-68,-401,3887,-1.17,-0.24,-32.72,-0.68,-4.01,38.87,-5.24,-0.27,22.87,15.43,2.91,14.63
-59,5,-490,48,-377,3860,-1.41,-0.19,-32.44,0.48,-3.77,38.60,-5.26,-0.29,23.00,9.79,-0.93,5.09
-52,17,-466,2,-427,3885,-1.59,-0.07,-32.04,0.02,-4.27,38.85,-5.28,-0.30,23.13,8.41,-2.52,3.47
-97,5,-423,40,-510,4027,-2.02,-0.03,-31.41,0.40,-5.10,40.27,-5.31,-0.32,23.25,14.47,-0.61,0.48
-142,-15,-414,63,-480,4057,-2.68,-0.12,-30.80,0.63,-4.80,40.57,-5.33,-0.33,23.37,20.09,2.28,0.36
-242,-17,-373,106,-556,4039,-3.89,-0.21,-29.99,1.06,-5.56,40.39,-5.36,-0.35,23.49,33.07,2.43,-2.27
-277,-14,-348,131,-530,4000,-5.19,-0.27,-29.12,1.31,-5.30,40.00,-5.40,-0.38,23.61,35.97,1.86,-3.47
-303,-14,-199,56,-278,3886,-6.52,-0.33,-27.42,0.56,-2.78,38.86,-5.41,-0.39,23.72,37.42,1.76,-14.31
-293,-10,-122,-68,-293,3816,-7.66,-0.36,-25.42,-0.68,-2.93,38.16,-5.43,-0.39,23.82,33.76,1.10,-18.73
-249,15,-76,-115,-376,3901,-8.41,-0.23,-23.34,-1.15,-3.76,39.01,-5.46,-0.38,23.91,25.65,-2.48,-20.43
-249,18,-86,-218,-396,3874,-9.09,-0.10,-21.53,-2.18,-3.96,38.74,-5.50,-0.37,24.00,24.39,-2.69,-17.68
-253,-20,-150,-406,-408,3883,-9.72,-0.21,-20.30,-4.06,-4.08,38.83,-5.54,-0.36,24.08,23.82,2.89,-10.95
-248,-35,-180,-381,-395,3854,-10.26,-0.40,-19.36,-3.81,-3.95,38.54,-5.58,-0.35,24.15,22.06,4.80,-7.43
-185,-32,-341,4,-407,3843,-10.37,-0.56,-19.51,0.04,-4.07,38.43,-5.64,-0.35,24.23,12.30,4.05,6.05
-183,-14,-371,7,-363,3806,-10.45,-0.59,-19.82,0.07,-3.63,38.06,-5.67,-0.35,24.31,11.86,1.25,8.26
-221,-34,-446,159,-459,4029,-10.75,-0.74,-20.56,1.59,-4.59,40.29,-5.72,-0.38,24.39,17.12,4.04,13.82
-247,-36,-453,145,-485,4111,-11.18,-0.88,-21.27,1.45,-4.85,41.11,-5.77,-0.40,24.48,20.30,4.08,13.66
-372,-37,-414,82,-488,4228,-12.33,-1.02,-21.66,0.82,-4.88,42.28,-5.83,-0.43,24.56,37.22,3.99,9.92
-434,-38,-381,137,-497,4013,-13.75,-1.15,-21.82,1.37,-4.97,40.13,-5.90,-0.46,24.65,44.04,3.92,6.95
-576,-49,-289,100,-569,4175,-15.88,-1.33,-21.40,1.00,-5.69,41.75,-5.98,-0.48,24.73,61.70,5.26,-0.40
-615,-46,-264,71,-562,4097,-18.05,-1.48,-20.87,0.71,-5.62,40.97,-6.07,-0.50,24.82,63.61,4.54,-1.97
-721,-8,-181,-57,-709,3955,-20.64,-1.38,-19.89,-0.57,-7.09,39.55,-6.17,-0.51,24.89,74.93,-1.06,-7.97
-737,0,-172,-119,-692,4045,-23.07,-1.24,-18.95,-1.19,-6.92,40.45,-6.27,-0.51,24.97,72.83,-2.02,-7.74
-746,5,-141,-192,-662,3880,-25.32,-1.09,-17.92,-1.92,-6.62,38.80,-6.39,-0.51,25.04,70.03,-2.49,-9.28
-736,15,-136,-165,-636,3843,-27.27,-0.89,-16.95,-1.65,-6.36,38.43,-6.51,-0.51,25.11,64.88,-3.64,-8.69
-622,92,-138,3,-538,3919,-28.34,-0.24,-16.10,0.03,-5.38,39.19,-6.64,-0.51,25.17,45.56,-14.14,-7.62
-590,116,-148,36,-555,3855,-29.11,0.49,-15.39,0.36,-5.55,38.55,-6.77,-0.52,25.23,39.32,-16.42,-6.03
-474,204,-254,-42,-778,3812,-29.09,1.69,-15.40,-0.42,-7.78,38.12,-6.91,-0.51,25.29,21.75,-27.57,2.93
-425,231,-327,-39,-785,3904,-28.77,2.93,-15.86,-0.39,-7.85,39.04,-7.04,-0.50,25.36,14.97,-29.35,8.63
-421,257,-414,-92,-740,3909,-28.46,4.20,-16.80,-0.92,-7.40,39.09,-7.17,-0.49,25.43,15.03,-30.91,15.00
-464,232,-420,-119,-766,3972,-28.45,5.20,-17.68,-1.19,-7.66,39.72,-7.30,-0.47,25.50,21.70,-25.23,14.57
-397,258,-390,-188,-818,3635,-28.02,6.25,-18.29,-1.88,-8.18,36.35,-7.42,-0.44,25.57,12.37,-27.21,11.37
-373,256,-381,-246,-835,3738,-27.50,7.19,-18.79,-2.46,-8.35,37.38,-7.55,-0.41,25.65,9.79,-25.15,10.08
-323,240,-356,-164,-908,3853,-26.72,7.93,-19.08,-1.64,-9.08,38.53,-7.67,-0.38,25.73,3.72,-21.32,7.64
-320,248,-353,-161,-925,3825,-26.00,8.65,-19.32,-1.61,-9.25,38.25,-7.79,-0.35,25.81,4.70,-21.20,7.12
-323,242,-302,-123,-908,3816,-25.37,9.26,-19.23,-1.23,-9.08,38.16,-7.91,-0.32,25.89,6.43,-19.15,2.89
-310,240,-284,-102,-941,3834,-24.72,9.80,-19.04,-1.02,-9.41,38.34,-8.02,-0.28,25.97,5.75,-17.85,1.56
-257,182,-205,-166,-1009,3864,-23.82,9.93,-18.39,-1.66,-10.09,38.64,-8.14,-0.25,26.05,-0.55,-8.78,-4.45
-200,154,-159,-76,-1028,3890,-22.66,9.88,-17.52,-0.76,-10.28,38.90,-8.24,-0.22,26.13,-6.97,-4.63,-7.43
-50,146,-15,23,-1080,3875,-20.70,9.78,-15.86,0.23,-10.80,38.75,-8.34,-0.19,26.20,-26.06,-3.62,-17.88
3,167,44,-63,-1116,3814,-18.61,9.82,-14.01,-0.63,-11.16,38.14,-8.44,-0.15,26.26,-30.13,-6.76,-20.92
158,253,133,-358,-844,3641,-15.78,10.38,-11.79,-3.58,-8.44,36.41,-8.51,-0.10,26.31,-48.37,-18.85,-26.12
185,283,115,-345,-898,3677,-13.08,11.07,-9.91,-3.45,-8.98,36.77,-8.58,-0.05,26.36,-47.32,-22.15,-22.61
144,339,78,-339,-887,3680,-10.89,12.03,-8.45,-3.39,-8.87,36.80,-8.63,0.00,26.40,-36.89,-28.91,-17.93
178,385,66,-361,-867,3629,-8.72,13.18,-7.20,-3.61,-8.67,36.29,-8.68,0.06,26.43,-37.92,-33.80,-15.59
264,448,-40,-536,-835,3686,-6.23,14.59,-6.72,-5.36,-8.35,36.86,-8.71,0.13,26.47,-46.32,-40.77,-6.11
257,442,-88,-518,-838,3707,-4.04,15.83,-6.59,-5.18,-8.38,37.07,-8.74,0.21,26.50,-41.08,-37.56,-1.90
184,392,-275,-368,-852,3960,-2.52,16.64,-7.61,-3.68,-8.52,39.60,-8.76,0.28,26.54,-27.04,-28.46,12.86
133,364,-336,-253,-880,4106,-1.45,17.19,-8.89,-2.53,-8.80,41.06,-8.78,0.36,26.59,-17.24,-23.18,16.65
71,288,-330,-156,-932,4186,-0.87,17.23,-10.02,-1.56,-9.32,41.86,-8.80,0.43,26.64,-6.68,-11.57,14.95
61,247,-293,-236,-961,4171,-0.41,17.01,-10.80,-2.36,-9.61,41.71,-8.81,0.50,26.69,-4.27,-5.77,10.98
82,-8,-114,-389,-1083,4068,0.13,15.26,-10.42,-3.89,-10.83,40.68,-8.83,0.56,26.74,-6.44,29.76,-3.78
96,-85,-70,-381,-1077,4079,0.70,13.22,-9.80,-3.81,-10.77,40.79,-8.84,0.62,26.79,-7.48,37.59,-6.86
145,-272,50,-338,-1007,4016,1.51,10.24,-8.52,-3.38,-10.07,40.16,-8.85,0.67,26.83,-13.40,60.43,-15.67
161,-310,84,-319,-972,3980,2.34,7.32,-7.15,-3.19,-9.72,39.80,-8.86,0.70,26.86,-14.27,60.68,-17.11
211,-331,140,-363,-825,3857,3.40,4.57,-5.58,-3.63,-8.25,38.57,-8.85,0.73,26.89,-19.90,58.65,-20.19
225,-318,134,-363,-826,3854,4.43,2.18,-4.21,-3.63,-8.26,38.54,-8.85,0.75,26.91,-20.08,52.12,-18.23
261,-231,52,-296,-825,3905,5.58,0.55,-3.47,-2.96,-8.25,39.05,-8.84,0.77,26.92,-23.40,35.76,-10.50
263,-184,4,-276,-831,3917,6.63,-0.63,-3.10,-2.76,-8.31,39.17,-8.82,0.78,26.93,-21.74,26.36,-6.04
224,-157,-20,-254,-841,3946,7.33,-1.52,-2.91,-2.54,-8.41,39.46,-8.81,0.78,26.94,-14.47,20.54,-3.81
205,-164,-3,-255,-873,3954,7.85,-2.37,-2.64,-2.55,-8.73,39.54,-8.79,0.78,26.95,-10.60,20.00,-4.97
161,-213,81,-296,-988,3953,8.04,-3.43,-1.88,-2.96,-9.88,39.53,-8.77,0.78,26.96,-3.53,25.47,-11.28
153,-228,111,-280,-981,3955,8.17,-4.48,-1.02,-2.80,-9.81,39.55,-8.76,0.77,26.96,-2.07,25.78,-12.91
127,-289,237,-304,-884,3847,8.13,-5.80,0.53,-3.04,-8.84,38.47,-8.74,0.76,26.96,1.80,32.60,-21.94
119,-308,267,-277,-853,3822,8.04,-7.10,2.11,-2.77,-8.53,38.22,-8.72,0.74,26.94,2.84,33.04,-22.81
101,-335,320,-207,-763,3797,7.86,-8.43,3.85,-2.07,-7.63,37.97,-8.70,0.72,26.92,5.22,34.65,-25.46
102,-325,326,-204,-751,3816,7.69,-9.57,5.45,-2.04,-7.51,38.16,-8.68,0.70,26.90,4.74,30.98,-24.27
139,-252,325,-173,-767,3887,7.77,-10.15,6.89,-1.73,-7.67,38.87,-8.67,0.68,26.86,-0.76,18.76,-22.66
166,-225,334,-155,-743,3901,8.01,-10.51,8.24,-1.55,-7.43,39.01,-8.65,0.65,26.82,-4.44,13.98,-21.99
227,-229,385,-75,-730,4004,8.59,-10.85,9.76,-0.75,-7.30,40.04,-8.63,0.62,26.78,-12.65,13.96,-24.69
245,-238,402,-46,-731,4024,9.23,-11.22,11.24,-0.46,-7.31,40.24,-8.61,0.58,26.73,-14.21,14.66,-24.56
340,-230,541,-101,-655,3915,10.38,-11.50,13.41,-1.01,-6.55,39.15,-8.58,0.56,26.67,-26.53,12.93,-34.03
360,-235,578,-124,-688,3833,11.54,-11.78,15.60,-1.24,-6.88,38.33,-8.55,0.53,26.60,-27.41,13.17,-34.85
499,-246,607,-129,-543,3729,13.43,-12.11,17.74,-1.29,-5.43,37.29,-8.49,0.51,26.52,-45.06,14.25,-35.03
527,-235,594,-100,-531,3709,15.30,-12.33,19.59,-1.00,-5.31,37.09,-8.42,0.49,26.44,-45.83,12.16,-31.96
620,-91,537,-26,-588,3707,17.55,-11.65,20.91,-0.26,-5.88,37.07,-8.37,0.45,26.35,-55.79,-8.49,-25.73
603,-60,529,-44,-648,3733,19.47,-10.85,22.04,-0.44,-6.48,37.33,-8.31,0.43,26.25,-49.59,-11.68,-23.84
521,59,577,-79,-516,3702,20.70,-9.41,23.36,-0.79,-5.16,37.02,-8.22,0.42,26.16,-34.81,-27.09,-26.50
452,105,609,-116,-536,3868,21.39,-7.83,24.74,-1.16,-5.36,38.68,-8.13,0.42,26.05,-23.05,-31.11,-27.75
240,167,627,-162,-587,3986,20.72,-6.02,26.09,-1.62,-5.87,39.86,-8.05,0.43,25.95,7.95,-37.16,-27.83
190,180,629,-177,-603,4041,19.80,-4.32,27.32,-1.77,-6.03,40.41,-7.97,0.44,25.84,13.79,-35.93,-26.69
88,165,662,-187,-668,4048,18.36,-2.89,28.62,-1.87,-6.68,40.48,-7.91,0.46,25.72,26.57,-30.93,-28.09
89,144,678,-162,-697,4088,17.07,-1.72,29.90,-1.62,-6.97,40.88,-7.85,0.49,25.60,23.93,-25.54,-28.09
142,29,753,-120,-742,4142,16.23,-1.37,31.50,-1.20,-7.42,41.42,-7.80,0.51,25.48,14.23,-7.35,-32.73
161,-7,782,-120,-739,4154,15.59,-1.28,33.12,-1.20,-7.39,41.54,-7.75,0.53,25.34,10.08,-1.70,-33.46
211,-144,943,-52,-647,4149,15.31,-2.03,35.56,-0.52,-6.47,41.49,-7.71,0.54,25.20,1.92,17.77,-44.51
230,-173,991,-56,-633,4160,15.19,-2.88,38.05,-0.56,-6.33,41.60,-7.66,0.55,25.05,-1.26,20.56,-45.92
353,-272,1164,-100,-465,4085,15.82,-4.25,41.35,-1.00,-4.65,40.85,-7.58,0.57,24.88,-18.86,33.05,-57.08
432,-324,1215,-91,-407,4042,16.87,-5.80,44.62,-0.91,-4.07,40.42,-7.50,0.58,24.70,-28.97,38.04,-57.91
596,-471,1169,-127,-298,3970,18.82,-8.09,47.29,-1.27,-2.98,39.70,-7.40,0.58,24.51,-50.36,56.12,-51.17
615,-500,1130,-118,-246,3969,20.69,-10.34,49.45,-1.18,-2.46,39.69,-7.30,0.57,24.31,-49.78,56.30,-45.56
572,-543,971,-81,-176,3819,22.11,-12.61,50.43,-0.81,-1.76,38.19,-7.19,0.54,24.10,-40.60,58.56,-31.03
542,-535,920,-68,-212,3806,23.21,-14.62,51.00,-0.68,-2.12,38.06,-7.08,0.51,23.89,-34.03,53.57,-26.09
363,-403,751,-15,-408,3834,23.10,-15.61,50.48,-0.15,-4.08,38.34,-6.97,0.47,23.69,-7.01,31.58,-12.30
306,-345,721,17,-491,3877,22.66,-16.16,49.83,0.17,-4.91,38.77,-6.88,0.41,23.48,0.79,21.74,-10.43
37,-166,704,139,-775,4077,20.62,-15.55,49.14,1.39,-7.75,40.77,-6.81,0.37,23.28,37.90,-4.38,-9.70
-44,-153,755,200,-875,4124,18.29,-14.93,48.83,2.00,-8.75,41.24,-6.76,0.32,23.08,45.80,-5.16,-14.33
-312,-263,1024,136,-800,4067,14.55,-15.04,50.20,1.36,-8.00,40.67,-6.71,0.28,22.87,79.58,11.44,-35.66
-372,-342,1147,149,-856,4109,10.83,-15.62,52.17,1.49,-8.56,41.09,-6.68,0.23,22.66,81.65,22.41,-43.97
-408,-514,1443,124,-848,4028,7.26,-17.20,55.76,1.24,-8.48,40.28,-6.67,0.18,22.43,80.37,45.69,-65.23
-361,-540,1507,106,-786,3964,4.33,-18.77,59.38,1.06,-7.86,39.64,-6.67,0.13,22.18,67.66,46.71,-66.80
-54,-582,1634,87,-576,3735,3.57,-20.44,63.41,0.87,-5.76,37.35,-6.67,0.07,21.92,19.40,49.99,-73.27
55,-568,1625,87,-561,3687,3.55,-21.86,66.98,0.87,-5.61,36.87,-6.67,-0.00,21.64,2.73,45.21,-68.70
395,-461,1492,146,-537,3661,5.60,-22.49,69.38,1.46,-5.37,36.61,-6.66,-0.07,21.36,-45.23,27.75,-54.86
440,-429,1458,164,-535,3677,7.73,-22.86,71.34,1.64,-5.35,36.77,-6.64,-0.15,21.06,-48.09,22.22,-49.88
429,-338,1392,206,-600,3726,9.57,-22.63,72.69,2.06,-6.00,37.26,-6.61,-0.22,20.76,-42.93,8.82,-42.83
401,-318,1390,219,-631,3714,11.06,-22.31,73.90,2.19,-6.31,37.14,-6.58,-0.28,20.46,-35.86,6.43,-41.35
313,-233,1435,261,-659,3699,11.86,-21.50,75.27,2.61,-6.59,36.99,-6.55,-0.35,20.15,-20.94,-4.96,-43.69
316,-164,1501,279,-630,3650,12.60,-20.35,76.90,2.79,-6.30,36.50,-6.51,-0.41,19.84,-20.02,-13.27,-47.53
463,-27,1636,271,-564,3783,14.17,-18.48,79.19,2.71,-5.64,37.83,-6.47,-0.46,19.51,-39.50,-30.58,-56.51
435,-33,1661,296,-570,3734,15.40,-16.83,81.40,2.96,-5.70,37.34,-6.42,-0.51,19.18,-32.93,-26.52,-56.26
248,-102,1708,258,-507,3766,15.38,-15.77,83.68,2.58,-5.07,37.66,-6.37,-0.55,18.84,-4.49,-13.96,-57.80
185,-117,1712,231,-477,3761,14.97,-14.91,85.75,2.31,-4.77,37.61,-6.32,-0.59,18.50,4.30,-10.01,-55.91
-46,-118,1681,211,-430,3697,13.19,-14.14,87.43,2.11,-4.30,36.97,-6.27,-0.63,18.14,36.13,-8.37,-51.47
-101,-104,1667,209,-425,3705,11.26,-13.36,88.86,2.09,-4.25,37.05,-6.23,-0.66,17.78,40.83,-9.01,-48.74
-216,16,1607,235,-465,3677,8.81,-11.93,89.78,2.35,-4.65,36.77,-6.20,-0.68,17.42,53.72,-24.57,-42.65
-218,62,1590,255,-494,3746,6.60,-10.35,90.50,2.55,-4.94,37.46,-6.19,-0.70,17.06,49.83,-28.60,-40.42
-194,222,1561,281,-489,3890,4.76,-7.96,90.97,2.81,-4.89,38.90,-6.18,-0.71,16.69,42.67,-48.47,-37.43
-172,242,1570,260,-467,3917,3.23,-5.69,91.45,2.60,-4.67,39.17,-6.18,-0.71,16.32,36.43,-47.21,-37.65
-166,159,1587,221,-337,3958,1.90,-4.15,91.98,2.21,-3.37,39.58,-6.16,-0.71,15.96,32.98,-31.65,-38.49
-178,126,1596,208,-301,3930,0.62,-2.97,92.52,2.08,-3.01,39.30,-6.15,-0.69,15.59,32.38,-24.38,-38.65
-188,60,1635,170,-198,3776,-0.59,-2.31,93.24,1.70,-1.98,37.76,-6.15,-0.67,15.22,31.61,-13.07,-41.16
-158,85,1642,179,-168,3742,-1.49,-1.56,93.94,1.79,-1.68,37.42,-6.14,-0.65,14.84,25.32,-15.48,-40.98
86,292,1617,162,-81,3727,-0.82,0.38,94.41,1.62,-0.81,37.27,-6.13,-0.61,14.47,-10.62,-43.41,-38.33
139,346,1591,185,-74,3808,0.11,2.45,94.67,1.85,-0.74,38.08,-6.12,-0.57,14.09,-16.95,-47.74,-35.82
107,386,1449,189,-8,4023,0.75,4.56,94.04,1.89,-0.08,40.23,-6.10,-0.52,13.72,-10.87,-49.88,-24.42
50,355,1402,183,15,4050,0.98,6.27,93.19,1.83,0.15,40.50,-6.08,-0.46,13.35,-1.75,-41.96,-21.30
71,351,1241,136,26,3777,1.32,7.79,91.44,1.36,0.26,37.77,-6.06,-0.39,12.99,-4.33,-38.52,-9.48
176,321,1175,40,6,3735,2.26,8.96,89.46,0.40,0.06,37.35,-6.04,-0.32,12.64,-18.58,-31.76,-5.95
125,229,1094,72,-1,3935,2.80,9.47,87.19,0.72,-0.01,39.35,-6.01,-0.25,12.30,-9.80,-16.83,-1.47
86,232,1081,92,11,3868,3.04,9.93,85.07,0.92,0.11,38.68,-5.98,-0.18,11.96,-3.41,-16.45,-2.59
35,253,1039,37,-51,3861,2.95,10.48,82.90,0.37,-0.51,38.61,-5.95,-0.10,11.64,4.18,-18.66,-1.29
43,273,1022,56,-76,3855,2.92,11.10,80.84,0.56,-0.76,38.55,-5.92,-0.03,11.32,2.88,-20.59,-2.00
106,317,993,25,-94,3871,3.27,11.92,78.82,0.25,-0.94,38.71,-5.89,0.05,11.01,-6.08,-25.79,-1.66
131,318,997,16,-111,3854,3.74,12.67,77.02,0.16,-1.11,38.54,-5.86,0.13,10.71,-9.02,-24.58,-3.88
184,264,1016,-9,-131,3848,4.49,13.01,75.51,-0.09,-1.31,38.48,-5.82,0.21,10.41,-15.71,-15.75,-7.06
187,250,1021,-19,-123,3810,5.18,13.24,74.19,-0.19,-1.23,38.10,-5.78,0.30,10.12,-14.89,-13.25,-8.86
151,227,1037,-30,-132,3738,5.59,13.30,73.10,-0.30,-1.32,37.38,-5.74,0.38,9.84,-8.66,-9.68,-11.34
108,250,1034,-14,-177,3696,5.69,13.49,72.09,-0.14,-1.77,36.96,-5.69,0.46,9.56,-1.94,-12.87,-12.12
5,323,1051,-24,-293,3587,5.15,14.12,71.29,-0.24,-2.93,35.87,-5.65,0.55,9.28,12.72,-22.88,-14.38
-16,343,1064,-21,-346,3559,4.54,14.80,70.66,-0.21,-3.46,35.59,-5.62,0.62,9.00,14.74,-24.69,-16.14
-83,414,1145,-56,-428,3558,3.58,15.84,70.57,-0.56,-4.28,35.58,-5.62,0.71,8.73,23.14,-33.60,-23.06
-101,433,1174,-72,-448,3556,2.60,16.90,70.68,-0.72,-4.48,35.56,-5.63,0.81,8.45,24.05,-34.56,-25.38
-193,485,1291,-127,-446,3619,1.16,18.17,71.49,-1.27,-4.46,36.19,-5.63,0.92,8.18,35.36,-40.16,-34.42
-221,498,1332,-150,-407,3650,-0.30,19.39,72.46,-1.50,-4.07,36.50,-5.64,1.04,7.90,36.86,-39.91,-36.83
-334,560,1490,-219,-269,3800,-2.31,20.87,74.31,-2.19,-2.69,38.00,-5.63,1.17,7.61,50.28,-46.65,-48.24
-350,577,1517,-232,-255,3827,-4.21,22.30,76.13,-2.32,-2.55,38.27,-5.63,1.30,7.31,49.11,-46.62,-48.57
-351,612,1526,-300,-105,3974,-5.93,23.80,77.82,-3.00,-1.05,39.74,-5.63,1.44,7.01,46.01,-49.20,-47.51
-305,621,1512,-346,-11,4038,-7.20,25.21,79.26,-3.46,-0.11,40.38,-5.64,1.58,6.71,36.60,-48.00,-44.77
-93,591,1457,-339,-31,4166,-7.05,26.29,80.23,-3.39,-0.31,41.66,-5.64,1.73,6.40,4.56,-41.47,-39.07
-15,573,1435,-347,-26,4187,-6.43,27.16,80.96,-3.47,-0.26,41.87,-5.64,1.88,6.09,-6.17,-37.18,-36.40
255,454,1377,-382,-99,4178,-4.23,27.21,81.26,-3.82,-0.99,41.78,-5.63,2.03,5.77,-43.19,-19.03,-31.14
331,406,1363,-401,-114,4154,-1.79,26.97,81.45,-4.01,-1.14,41.54,-5.61,2.18,5.46,-50.17,-12.27,-29.72
533,274,1337,-428,-92,4105,1.64,25.94,81.46,-4.28,-0.92,41.05,-5.58,2.33,5.14,-74.49,5.82,-27.48
593,234,1331,-458,-60,4057,5.09,24.78,81.43,-4.58,-0.60,40.57,-5.53,2.47,4.83,-77.14,9.61,-26.97
712,137,1319,-534,71,3919,8.93,23.13,81.34,-5.34,0.71,39.19,-5.47,2.60,4.51,-88.06,21.21,-26.03
724,110,1310,-536,74,3859,12.45,21.49,81.19,-5.36,0.74,38.59,-5.39,2.73,4.20,-83.27,22.13,-25.39
678,39,1236,-514,60,3729,15.34,19.58,80.61,-5.14,0.60,37.29,-5.30,2.85,3.88,-70.84,29.26,-19.71
603,42,1181,-479,40,3716,17.48,17.88,79.76,-4.79,0.40,37.16,-5.20,2.96,3.57,-55.41,25.50,-15.93
390,116,1071,-384,64,3809,18.12,16.80,78.31,-3.84,0.64,38.09,-5.10,3.07,3.26,-21.80,12.10,-8.11
323,136,1049,-358,99,3828,18.27,15.95,76.88,-3.58,0.99,38.28,-4.99,3.16,2.96,-11.35,7.38,-7.73
146,199,983,-189,189,3897,17.34,15.57,75.19,-1.89,1.89,38.97,-4.88,3.25,2.66,13.80,-3.01,-3.90
110,212,952,-160,154,3898,16.27,15.30,73.48,-1.60,1.54,38.98,-4.78,3.33,2.37,17.21,-5.54,-3.06
109,178,797,-393,123,3875,15.31,14.86,70.99,-3.93,1.23,38.75,-4.69,3.42,2.09,15.47,-1.26,7.46
129,156,755,-393,85,3890,14.57,14.32,68.50,-3.93,0.85,38.90,-4.60,3.51,1.82,10.95,1.03,8.40
192,58,652,-271,-53,3945,14.28,13.25,65.63,-2.71,-0.53,39.45,-4.51,3.58,1.57,0.75,13.88,14.11
206,38,639,-250,-90,3978,14.11,12.15,62.96,-2.50,-0.90,39.78,-4.42,3.65,1.32,-1.77,14.81,12.41
196,-41,647,-395,-217,3984,13.90,10.69,60.61,-3.95,-2.17,39.84,-4.34,3.73,1.08,-0.71,24.03,9.27
149,-85,709,-333,-179,4011,13.41,9.10,58.88,-3.33,-1.79,40.11,-4.25,3.79,0.84,5.49,27.70,2.20
-7,-160,892,-299,-160,3961,12.03,7.21,58.43,-2.99,-1.60,39.61,-4.17,3.84,0.61,26.60,35.53,-13.76
-54,-182,942,-349,-129,3948,10.50,5.38,58.33,-3.49,-1.29,39.48,-4.10,3.89,0.38,30.82,35.38,-18.08
-156,-201,1115,-410,-1,3842,8.50,3.62,59.30,-4.10,-0.01,38.42,-4.03,3.93,0.14,42.54,34.91,-31.69
-163,-194,1143,-420,-6,3832,6.65,2.07,60.34,-4.20,-0.06,38.32,-3.97,3.96,-0.10,40.08,30.90,-32.93
-63,-82,1146,-327,16,3717,5.60,1.37,61.30,-3.27,0.16,37.17,-3.91,3.99,-0.35,22.80,12.46,-32.15
15,-27,1122,-295,2,3672,5.13,1.06,62.01,-2.95,0.02,36.72,-3.86,4.01,-0.60,9.98,3.48,-29.34
398,174,999,-438,-65,3716,7.05,2.02,61.91,-4.38,-0.65,37.16,-3.80,4.05,-0.84,-44.84,-25.38,-19.01
507,227,972,-422,-75,3759,9.44,3.20,61.64,-4.22,-0.75,37.59,-3.73,4.09,-1.09,-56.98,-31.25,-16.98
573,223,947,-581,-45,3985,11.99,4.24,61.26,-5.81,-0.45,39.85,-3.65,4.14,-1.34,-62.27,-28.70,-15.25
559,232,996,-588,16,3997,14.20,5.23,61.21,-5.88,0.16,39.97,-3.57,4.19,-1.58,-56.00,-28.23,-19.43
677,260,1116,-627,177,3910,16.91,6.30,61.89,-6.27,1.77,39.10,-3.47,4.24,-1.83,-68.93,-30.53,-28.85
740,287,1142,-627,184,3959,19.73,7.42,62.67,-6.27,1.84,39.59,-3.35,4.30,-2.08,-73.26,-32.56,-30.20
823,292,1184,-712,407,4004,22.78,8.46,63.63,-7.12,4.07,40.04,-3.23,4.36,-2.33,-80.23,-31.39,-32.73
825,284,1149,-758,554,4005,25.53,9.34,64.27,-7.58,5.54,40.05,-3.09,4.42,-2.59,-75.41,-28.53,-29.06
953,304,1074,-657,289,3865,28.79,10.26,64.40,-6.57,2.89,38.65,-2.94,4.48,-2.85,-88.86,-29.88,-22.55
1032,311,1068,-684,362,3835,32.21,11.13,64.47,-6.84,3.62,38.35,-2.78,4.55,-3.10,-94.54,-29.34,-21.94
1137,223,919,-712,520,3876,35.92,11.38,63.63,-7.12,5.20,38.76,-2.60,4.62,-3.36,-103.64,-15.50,-10.18
1108,180,863,-718,523,3909,39.09,11.34,62.53,-7.18,5.23,39.09,-2.41,4.68,-3.61,-93.34,-9.06,-6.58
1023,106,662,-756,549,3801,41.42,10.85,60.32,-7.56,5.49,38.01,-2.20,4.74,-3.85,-76.10,1.26,8.13
961,72,564,-742,559,3773,43.14,10.21,57.73,-7.42,5.59,37.73,-2.00,4.80,-4.08,-63.52,5.18,13.71
866,83,419,-799,647,3744,44.11,9.69,54.51,-7.99,6.47,37.44,-1.79,4.86,-4.30,-47.34,2.49,22.61
831,90,394,-816,681,3723,44.77,9.27,51.46,-8.16,6.81,37.23,-1.57,4.91,-4.51,-40.90,0.60,21.52
698,142,322,-813,697,3726,44.55,9.21,48.28,-8.13,6.97,37.26,-1.36,4.96,-4.70,-21.17,-7.48,24.26
647,151,296,-803,679,3732,44.04,9.21,45.26,-8.03,6.79,37.32,-1.16,5.01,-4.88,-14.49,-8.89,23.28
460,189,193,-767,656,3751,42.44,9.44,41.91,-7.67,6.56,37.51,-0.96,5.06,-5.05,10.87,-14.28,28.48
400,191,163,-773,646,3751,40.64,9.66,38.71,-7.73,6.46,37.51,-0.76,5.11,-5.21,16.47,-14.20,27.65
224,187,63,-778,592,3759,37.94,9.84,35.23,-7.78,5.92,37.59,-0.58,5.17,-5.35,38.09,-13.29,32.44
179,184,35,-768,580,3781,35.24,9.98,31.92,-7.68,5.80,37.81,-0.42,5.22,-5.48,39.72,-12.61,31.32
60,206,-29,-798,543,3833,32.08,10.24,28.55,-7.98,5.43,38.33,-0.26,5.27,-5.59,51.79,-15.51,33.19
14,215,-38,-795,498,3878,28.96,10.52,25.46,-7.95,4.98,38.78,-0.12,5.32,-5.70,52.79,-16.37,30.69
-24,238,-24,-746,409,3959,25.92,10.92,22.77,-7.46,4.09,39.59,0.00,5.38,-5.79,52.74,-19.16,26.66
-23,238,-12,-764,393,3952,23.18,11.28,20.42,-7.64,3.93,39.52,0.12,5.44,-5.87,47.34,-18.52,23.17
24,205,51,-791,352,3987,21.01,11.40,18.69,-7.91,3.52,39.87,0.22,5.50,-5.95,35.99,-13.29,16.00
39,194,68,-790,348,3994,19.15,11.45,17.23,-7.90,3.48,39.94,0.31,5.56,-6.02,30.11,-11.57,13.03
69,149,132,-781,309,3981,17.65,11.21,16.32,-7.81,3.09,39.81,0.40,5.62,-6.09,22.65,-5.19,6.64
70,127,148,-780,289,3960,16.32,10.87,15.59,-7.80,2.89,39.60,0.48,5.67,-6.15,19.91,-2.53,4.52
51,52,212,-750,250,3931,15.00,10.10,15.32,-7.50,2.50,39.31,0.56,5.73,-6.22,20.26,7.41,-1.18
39,35,231,-745,255,3903,13.73,9.30,15.20,-7.45,2.55,39.03,0.63,5.78,-6.28,19.65,8.46,-2.91
-5,-20,307,-741,211,3881,12.33,8.25,15.55,-7.41,2.11,38.81,0.69,5.83,-6.34,23.66,14.82,-8.97
-36,-38,341,-716,180,3880,10.88,7.19,16.08,-7.16,1.80,38.80,0.75,5.88,-6.41,25.60,15.54,-11.29
-119,-72,415,-673,53,3895,9.06,6.03,17.00,-6.73,0.53,38.95,0.79,5.92,-6.48,34.79,18.50,-16.58
-143,-85,435,-669,-7,3898,7.29,4.91,17.95,-6.69,-0.07,38.98,0.83,5.95,-6.55,35.06,18.34,-17.25
-247,-279,444,-576,-210,3884,5.05,2.72,18.87,-5.76,-2.10,38.84,0.84,5.97,-6.62,46.68,43.75,-17.04
-272,-327,448,-559,-171,4035,2.89,0.45,19.71,-5.59,-1.71,40.35,0.84,5.98,-6.70,46.39,46.77,-16.48
-427,-442,607,-527,-208,4099,-0.01,-2.29,21.44,-5.27,-2.08,40.99,0.83,5.98,-6.78,64.55,59.12,-28.11
-461,-465,680,-533,-230,4052,-2.82,-4.90,23.45,-5.33,-2.30,40.52,0.82,5.96,-6.88,64.43,57.70,-32.16
-582,-580,972,-550,-205,3900,-6.09,-7.95,27.03,-5.50,-2.05,39.00,0.79,5.94,-6.98,76.71,69.48,-53.10
-626,-599,1085,-551,-144,3911,-9.30,-10.80,30.95,-5.51,-1.44,39.11,0.75,5.91,-7.11,77.36,66.99,-58.51
-769,-620,1442,-559,-43,3789,-13.06,-13.51,36.65,-5.59,-0.43,37.89,0.70,5.87,-7.25,92.08,65.10,-82.71
-805,-620,1586,-604,20,3703,-16.66,-15.94,42.66,-6.04,0.20,37.03,0.65,5.82,-7.42,90.77,60.52,-88.53
-752,-555,1800,-660,246,3540,-19.58,-17.73,49.37,-6.60,2.46,35.40,0.60,5.76,-7.62,77.19,47.26,-99.53
-686,-510,1831,-693,322,3500,-21.81,-19.07,55.60,-6.93,3.22,35.00,0.55,5.70,-7.84,62.94,37.90,-95.54
-435,-348,1843,-812,579,3443,-22.28,-19.28,61.29,-8.12,5.79,34.43,0.50,5.63,-8.09,23.81,12.83,-90.52
-380,-302,1774,-667,554,3431,-22.37,-19.20,65.98,-6.67,5.54,34.31,0.45,5.56,-8.36,15.28,6.03,-79.68
-443,-246,1627,-698,563,3588,-22.84,-18.78,69.31,-6.98,5.63,35.88,0.40,5.49,-8.64,24.04,-1.68,-63.68
-465,-194,1545,-618,592,3614,-23.39,-18.08,71.80,-6.18,5.92,36.14,0.35,5.43,-8.93,26.38,-8.25,-54.06
-368,99,1199,-479,742,3567,-23.30,-15.67,71.93,-4.79,7.42,35.67,0.30,5.36,-9.22,11.80,-48.32,-24.58
-327,163,1100,-656,687,3589,-22.96,-13.11,71.45,-6.56,6.87,35.89,0.25,5.32,-9.51,6.21,-53.20,-16.68
-395,206,773,-869,541,3822,-23.07,-10.54,69.02,-8.69,5.41,38.22,0.20,5.29,-9.78,16.40,-54.87,8.48
-507,172,682,-897,535,3808,-23.86,-8.44,66.28,-8.97,5.35,38.08,0.14,5.27,-10.05,32.03,-45.69,13.31
-380,232,628,-639,417,3633,-23.79,-6.18,63.48,-6.39,4.17,36.33,0.09,5.25,-10.31,12.83,-50.55,14.94
-311,235,619,-643,339,3590,-23.31,-4.13,60.91,-6.43,3.39,35.90,0.03,5.25,-10.55,3.26,-47.12,13.00
-292,209,573,-887,96,3747,-22.76,-2.44,58.31,-8.87,0.96,37.47,-0.04,5.26,-10.79,1.45,-39.96,14.17
-306,213,571,-887,72,3610,-22.35,-0.90,55.97,-8.87,0.72,36.10,-0.10,5.27,-11.01,4.40,-37.66,11.88
-369,262,596,-805,-18,3635,-22.37,0.79,54.00,-8.05,-0.18,36.35,-0.17,5.29,-11.23,14.03,-41.95,7.70
-392,300,607,-779,-57,3602,-22.52,2.54,52.31,-7.79,-0.57,36.02,-0.25,5.32,-11.44,17.29,-44.45,4.99
-395,447,628,-801,-84,3716,-22.68,5.01,50.91,-8.01,-0.84,37.16,-0.32,5.36,-11.64,17.50,-62.21,1.75
-400,472,632,-809,-79,3707,-22.85,7.39,49.67,-8.09,-0.79,37.07,-0.40,5.41,-11.84,17.98,-61.55,0.12
-455,488,635,-899,20,3864,-23.34,9.63,48.58,-8.99,0.20,38.64,-0.47,5.47,-12.04,25.49,-59.79,-1.28
-420,500,627,-922,56,3786,-23.57,11.72,47.54,-9.22,0.56,37.86,-0.54,5.53,-12.23,19.77,-57.71,-1.68
-379,418,588,-1010,144,3880,-23.52,13.09,46.38,-10.10,1.44,38.80,-0.61,5.61,-12.41,13.65,-42.64,0.41
-377,377,574,-1022,157,3848,-23.47,14.08,45.24,-10.22,1.57,38.48,-0.68,5.68,-12.60,13.49,-34.57,0.41
-299,240,479,-1030,174,3897,-22.95,14.14,43.64,-10.30,1.74,38.97,-0.75,5.76,-12.77,2.63,-13.62,6.78
-251,225,440,-1020,190,3888,-22.18,14.10,41.96,-10.20,1.90,38.88,-0.82,5.83,-12.94,-3.20,-11.46,8.32
16,229,265,-1022,134,3943,-19.87,14.09,39.38,-10.22,1.34,39.43,-0.88,5.91,-13.10,-39.49,-12.14,20.43
64,212,213,-1017,112,3949,-17.49,13.97,36.74,-10.17,1.12,39.49,-0.93,5.99,-13.25,-42.28,-9.82,22.05
106,111,20,-1005,-25,4022,-15.10,13.25,33.19,-10.05,-0.25,40.22,-0.97,6.06,-13.38,-44.11,4.17,34.65
76,73,-24,-998,-53,4000,-13.12,12.37,29.72,-9.98,-0.53,40.00,-1.01,6.13,-13.50,-35.78,8.25,34.72
5,-6,-125,-958,-138,3963,-11.78,11.10,25.99,-9.58,-1.38,39.63,-1.05,6.19,-13.60,-22.38,17.85,39.33
77,37,-136,-937,-147,3844,-10.13,10.21,22.56,-9.37,-1.47,38.44,-1.08,6.25,-13.69,-30.22,9.57,36.64
118,41,-92,-958,-147,3889,-8.40,9.44,19.74,-9.58,-1.47,38.89,-1.11,6.31,-13.77,-33.17,7.46,29.94
87,31,-76,-942,-135,3863,-7.03,8.69,17.30,-9.42,-1.35,38.63,-1.13,6.37,-13.84,-25.83,7.52,26.01
-65,0,-31,-933,-139,3884,-6.72,7.82,15.39,-9.33,-1.39,38.84,-1.15,6.42,-13.90,-2.06,10.57,20.17
-108,-5,-22,-935,-132,3874,-6.71,7.01,13.71,-9.35,-1.32,38.74,-1.18,6.46,-13.95,4.54,9.77,17.64
-213,10,-10,-908,-146,3925,-7.34,6.37,12.28,-9.08,-1.46,39.25,-1.20,6.51,-14.00,19.38,6.24,15.11
-233,17,-12,-901,-161,3925,-8.02,5.83,10.98,-9.01,-1.61,39.25,-1.23,6.55,-14.04,21.15,4.13,13.91
-269,26,-29,-860,-238,3955,-8.86,5.41,9.70,-8.60,-2.38,39.55,-1.27,6.59,-14.08,25.08,1.93,14.00
-278,17,-37,-859,-272,3946,-9.67,4.97,8.51,-8.59,-2.72,39.46,-1.31,6.63,-14.12,24.94,2.45,13.41
-308,-59,-52,-853,-327,3895,-10.58,4.11,7.34,-8.53,-3.27,38.95,-1.36,6.66,-14.14,27.82,12.39,13.45
-334,-114,-51,-850,-345,3871,-11.56,3.01,6.30,-8.50,-3.45,38.71,-1.42,6.69,-14.17,29.97,18.67,12.26
-411,-193,-44,-865,-394,3793,-12.91,1.53,5.40,-8.65,-3.94,37.93,-1.48,6.71,-14.19,39.19,27.90,10.72
-434,-203,-44,-868,-405,3782,-14.27,0.14,4.59,-8.68,-4.05,37.82,-1.54,6.72,-14.21,40.18,26.78,9.87
-529,-178,-45,-855,-449,3812,-16.07,-0.96,3.86,-8.55,-4.49,38.12,-1.62,6.74,-14.22,51.30,20.88,9.17
-565,-157,-50,-852,-473,3825,-17.91,-1.82,3.17,-8.52,-4.73,38.25,-1.70,6.74,-14.23,53.36,16.04,8.87
-722,-57,-88,-810,-613,4017,-20.52,-1.99,2.31,-8.10,-6.13,40.17,-1.79,6.74,-14.24,72.42,0.48,11.18
-785,-20,-107,-776,-656,4112,-23.26,-1.91,1.43,-7.76,-6.56,41.12,-1.90,6.75,-14.24,76.92,-5.02,11.86
-1104,63,-124,-1009,-543,4266,-27.67,-1.34,0.53,-10.09,-5.43,42.66,-2.03,6.75,-14.24,117.29,-16.60,12.35
-1220,56,-106,-1026,-518,4302,-32.34,-0.86,-0.17,-10.26,-5.18,43.02,-2.17,6.77,-14.24,126.22,-14.64,10.08
-1737,-44,-7,-907,-536,4345,-39.70,-1.04,-0.20,-9.07,-5.36,43.45,-2.34,6.77,-14.24,191.24,0.26,1.67
-1992,-130,24,-825,-594,4286,-47.88,-1.73,-0.03,-8.25,-5.94,42.86,-2.54,6.78,-14.24,214.76,12.07,-0.78
-2466,-379,58,-928,-649,4140,-58.14,-3.87,0.33,-9.28,-6.49,41.40,-2.79,6.78,-14.24,267.79,45.99,-3.29
-2568,-443,58,-946,-669,4104,-67.99,-6.19,0.65,-9.46,-6.69,41.04,-3.07,6.76,-14.24,264.88,51.38,-2.95
-2819,-620,-12,-869,-830,3976,-78.39,-9.35,0.51,-8.69,-8.30,39.76,-3.40,6.74,-14.24,283.68,72.40,2.84
-2857,-655,-54,-846,-863,3939,-87.98,-12.41,0.13,-8.46,-8.63,39.39,-3.77,6.70,-14.24,271.55,71.96,5.99
-2860,-749,-260,-790,-1009,3829,-96.62,-15.74,-1.47,-7.90,-10.09,38.29,-4.17,6.64,-14.24,255.90,80.03,21.75
-2819,-755,-325,-782,-1048,3823,-104.16,-18.77,-3.31,-7.82,-10.48,38.23,-4.61,6.57,-14.23,235.66,75.25,25.32
-2510,-690,-565,-794,-1116,3820,-109.05,-21.10,-6.42,-7.94,-11.16,38.20,-5.06,6.49,-14.21,179.57,60.97,42.35
-2421,-675,-620,-803,-1144,3820,-112.92,-23.11,-9.56,-8.03,-11.44,38.20,-5.53,6.40,-14.18,158.99,54.94,43.68
-2149,-674,-798,-757,-1262,3804,-114.73,-24.91,-13.47,-7.57,-12.62,38.04,-6.02,6.31,-14.13,114.39,51.44,54.61
-2094,-706,-858,-759,-1268,3842,-116.03,-26.73,-17.36,-7.59,-12.68,38.42,-6.50,6.20,-14.07,103.86,52.96,55.58
-2072,-741,-898,-915,-1249,3894,-117.07,-28.57,-21.10,-9.15,-12.49,38.94,-6.99,6.08,-14.00,98.87,54.87,55.00
-2096,-762,-898,-972,-1366,3926,-118.15,-30.36,-24.47,-9.72,-13.66,39.26,-7.49,5.96,-13.92,100.81,54.76,51.42
-2201,-868,-976,-851,-1583,3757,-119.76,-32.62,-27.98,-8.51,-15.83,37.57,-8.00,5.82,-13.82,114.11,66.74,54.31
-1846,-810,-1159,-774,-1834,3503,-119.04,-34.30,-32.25,-7.74,-18.34,35.03,-8.50,5.67,-13.71,61.66,54.81,65.28
-1748,-814,-1196,-763,-1983,3422,-117.80,-35.84,-36.32,-7.63,-19.83,34.22,-9.00,5.51,-13.59,49.39,52.62,64.09
-1616,-994,-1257,-644,-2190,3396,-115.88,-38.32,-40.35,-6.44,-21.90,33.96,-9.50,5.34,-13.45,33.23,75.49,64.98
-1579,-1012,-1274,-646,-2240,3302,-113.92,-40.66,-44.09,-6.46,-22.40,33.02,-9.98,5.15,-13.30,31.62,73.92,62.45
-1525,-1076,-1296,-718,-2490,3234,-111.83,-43.16,-47.59,-7.18,-24.90,32.34,-10.46,4.95,-13.14,27.65,79.08,60.59
-1457,-1013,-1267,-632,-2460,3191,-109.54,-45.02,-50.56,-6.32,-24.60,31.91,-10.93,4.74,-12.98,21.94,66.09,54.98
-1422,-956,-1223,-634,-2436,3086,-107.26,-46.35,-52.96,-6.34,-24.36,30.86,-11.39,4.52,-12.80,21.23,55.02,48.69
-1381,-864,-851,-651,-2276,3059,-104.96,-46.98,-52.86,-6.51,-22.76,30.59,-11.84,4.30,-12.63,19.63,39.93,17.27
-1358,-823,-816,-676,-2248,2982,-102.74,-47.31,-52.55,-6.76,-22.48,29.82,-12.28,4.08,-12.46,20.60,33.22,14.61
-1267,-664,-589,-612,-2585,3007,-100.20,-46.63,-50.89,-6.12,-25.85,30.07,-12.71,3.85,-12.30,11.83,10.41,-2.87
-1123,-501,-361,-552,-2776,2979,-97.03,-45.02,-48.00,-5.52,-27.76,29.79,-13.13,3.64,-12.15,-3.85,-11.27,-19.15
-1098,-478,-322,-521,-2798,3003,-94.02,-43.43,-45.16,-5.21,-27.98,30.03,-13.53,3.43,-12.02,-1.71,-11.63,-19.46
-980,-377,-154,-514,-2826,3051,-90.60,-41.39,-41.59,-5.14,-28.26,30.51,-13.92,3.23,-11.89,-12.96,-23.03,-29.92
-939,-356,-21,-515,-2800,3121,-87.27,-39.42,-37.56,-5.15,-28.00,31.21,-14.29,3.04,-11.79,-12.66,-22.39,-36.93
-942,-363,13,-519,-2770,3130,-84.29,-37.69,-33.72,-5.19,-27.70,31.30,-14.65,2.87,-11.69,-6.32,-17.93,-35.76
-1031,-445,137,-491,-2700,3166,-82.15,-36.64,-29.51,-4.91,-27.00,31.66,-15.00,2.70,-11.61,11.54,-3.31,-41.81
-1087,-489,165,-462,-2684,3154,-80.56,-35.96,-25.56,-4.62,-26.84,31.54,-15.34,2.54,-11.55,23.31,4.79,-40.00
-1226,-622,192,-407,-2675,3108,-79.99,-36.16,-21.83,-4.07,-26.75,31.08,-15.68,2.38,-11.51,45.82,24.81,-38.35
-1254,-657,184,-398,-2688,3101,-79.64,-36.55,-18.52,-3.98,-26.88,31.01,-16.02,2.22,-11.47,50.98,29.51,-34.17
-1290,-771,97,-345,-2774,3003,-79.54,-37.60,-16.08,-3.45,-27.74,30.03,-16.36,2.06,-11.45,56.87,45.01,-24.21
-1237,-863,-39,-295,-2827,2871,-79.13,-39.10,-14.71,-2.95,-28.27,28.71,-16.69,1.89,-11.44,49.78,56.30,-11.24
-1215,-879,-71,-297,-2839,2856,-78.63,-40.55,-13.67,-2.97,-28.39,28.56,-17.02,1.72,-11.43,47.59,56.10,-7.43
-1152,-873,-144,-294,-2874,2804,-77.80,-41.82,-13.18,-2.94,-28.74,28.04,-17.35,1.55,-11.43,39.79,52.90,-0.73
-1145,-857,-145,-280,-2879,2788,-77.00,-42.87,-12.75,-2.80,-28.79,27.88,-17.68,1.37,-11.44,40.44,48.59,-0.19
-1157,-786,-109,-254,-2928,2740,-76.36,-43.38,-12.14,-2.54,-29.28,27.40,-18.00,1.19,-11.44,43.70,36.92,-2.59
-1213,-738,-65,-218,-2972,2701,-76.12,-43.54,-11.32,-2.18,-29.72,27.01,-18.32,1.02,-11.45,52.90,29.41,-5.45
-1243,-727,-54,-194,-2984,2692,-76.09,-43.62,-10.52,-1.94,-29.84,26.92,-18.64,0.84,-11.47,57.74,27.70,-5.53
-1282,-703,-63,-167,-3017,2701,-76.30,-43.55,-9.85,-1.67,-30.17,27.01,-18.97,0.66,-11.49,63.50,24.29,-4.06
-1291,-696,-67,-163,-3000,2686,-76.55,-43.44,-9.27,-1.63,-30.00,26.86,-19.29,0.49,-11.51,64.63,23.55,-3.11
-1306,-712,-82,-147,-3004,2595,-76.86,-43.44,-8.85,-1.47,-30.04,25.95,-19.61,0.31,-11.53,66.54,26.10,-1.38
-1312,-728,-95,-134,-3043,2586,-77.18,-43.53,-8.54,-1.34,-30.43,25.86,-19.94,0.14,-11.56,67.07,28.48,0.04
-1332,-797,-186,-92,-3169,2520,-77.58,-44.04,-8.82,-0.92,-31.69,25.20,-20.27,-0.04,-11.59,69.56,38.15,7.46
-1339,-818,-215,-71,-3199,2486,-77.99,-44.63,-9.25,-0.71,-31.99,24.86,-20.60,-0.22,-11.61,70.07,40.36,9.46
-1354,-885,-306,-50,-3338,2418,-78.45,-45.56,-10.19,-0.50,-33.38,24.18,-20.93,-0.40,-11.64,71.71,48.93,16.18
-1362,-916,-320,-50,-3364,2358,-78.92,-46.60,-11.13,-0.50,-33.64,23.58,-21.26,-0.59,-11.67,72.27,51.83,16.38
-1367,-913,-301,-82,-3341,2381,-79.36,-47.51,-11.85,-0.82,-33.41,23.81,-21.60,-0.79,-11.69,72.41,49.78,14.01
-1426,-862,-174,-79,-3434,2328,-80.13,-48.01,-11.73,-0.79,-34.34,23.28,-21.93,-0.98,-11.72,80.18,41.17,3.38
-1438,-864,-162,-74,-3482,2316,-80.89,-48.48,-11.54,-0.74,-34.82,23.16,-22.28,-1.18,-11.75,80.80,40.71,2.56
-1465,-917,-180,-30,-3665,2256,-81.73,-49.23,-11.49,-0.30,-36.65,22.56,-22.62,-1.38,-11.78,83.54,47.51,4.15
-1467,-943,-195,0,-3705,2212,-82.51,-50.06,-11.53,0.00,-37.05,22.12,-22.97,-1.58,-11.82,82.61,50.04,5.38
-1452,-1089,-236,46,-3820,2064,-83.11,-51.69,-11.81,0.46,-38.20,20.64,-23.32,-1.79,-11.86,79.40,69.34,8.55
-1443,-1133,-235,47,-3837,2029,-83.61,-53.44,-12.07,0.47,-38.37,20.29,-23.67,-2.00,-11.90,77.33,72.90,8.20
-1412,-1256,-173,55,-3855,1979,-83.86,-55.75,-11.91,0.55,-38.55,19.79,-24.03,-2.22,-11.95,72.36,87.41,3.12
-1403,-1274,-146,68,-3865,1954,-84.03,-57.95,-11.61,0.68,-38.65,19.54,-24.38,-2.45,-12.00,70.90,86.15,1.15
-1372,-1293,-30,36,-3824,1964,-84.00,-60.04,-10.64,0.36,-38.24,19.64,-24.74,-2.69,-12.06,66.47,85.24,-7.63
-1332,-1319,72,93,-3915,1862,-83.72,-62.08,-9.13,0.93,-39.15,18.62,-25.09,-2.93,-12.13,61.12,85.49,-14.68
-1309,-1359,99,128,-3939,1805,-83.34,-64.17,-7.62,1.28,-39.39,18.05,-25.45,-3.18,-12.22,58.58,87.81,-15.35
-1244,-1510,143,199,-3954,1614,-82.59,-66.96,-5.98,1.99,-39.54,16.14,-25.80,-3.43,-12.31,50.31,105.71,-17.34
-1222,-1554,150,230,-3948,1567,-81.79,-69.74,-4.47,2.30,-39.48,15.67,-26.15,-3.69,-12.42,48.71,107.32,-16.32
-1117,-1694,160,267,-3915,1402,-80.42,-73.10,-3.05,2.67,-39.15,14.02,-26.50,-3.95,-12.54,35.52,122.49,-15.65
-1080,-1729,161,276,-3889,1357,-78.97,-76.34,-1.76,2.76,-38.89,13.57,-26.84,-4.23,-12.67,32.85,121.88,-14.36
-919,-1838,130,341,-3881,1283,-76.68,-79.92,-0.79,3.41,-38.81,12.83,-27.18,-4.52,-12.82,12.86,131.91,-10.70
-719,-1890,-3,376,-4025,1304,-73.39,-83.45,-0.73,3.76,-40.25,13.04,-27.50,-4.82,-12.97,-11.21,133.34,0.65
-658,-1900,-51,399,-4038,1297,-70.07,-86.70,-0.97,3.99,-40.38,12.97,-27.81,-5.13,-13.13,-14.01,128.93,4.48
-410,-1813,-167,501,-4066,1275,-65.56,-89.09,-1.89,5.01,-40.66,12.75,-28.10,-5.45,-13.29,-43.10,111.34,13.34
-338,-1811,-187,493,-4144,1101,-61.07,-91.23,-2.84,4.93,-41.44,11.01,-28.38,-5.77,-13.46,-45.39,107.20,14.05
26,-1895,-263,617,-4174,832,-54.80,-93.66,-4.16,6.17,-41.74,8.32,-28.63,-6.11,-13.62,-88.86,115.62,19.10
91,-1921,-278,617,-4158,790,-48.77,-96.02,-5.44,6.17,-41.58,7.90,-28.86,-6.46,-13.79,-87.19,115.36,19.03
298,-1897,-339,568,-4147,751,-42.07,-97.99,-6.96,5.68,-41.47,7.51,-29.07,-6.82,-13.96,-105.95,108.21,22.60
325,-1858,-357,573,-4145,740,-35.88,-99.52,-8.45,5.73,-41.45,7.40,-29.25,-7.18,-14.13,-98.22,99.59,22.57
383,-1633,-416,650,-4223,575,-29.96,-99.53,-10.14,6.50,-42.23,5.75,-29.41,-7.55,-14.29,-95.74,65.51,25.79
378,-1574,-435,643,-4247,557,-24.66,-99.18,-11.78,6.43,-42.47,5.57,-29.54,-7.92,-14.45,-84.85,57.42,25.68
318,-1302,-488,658,-4264,541,-20.25,-97.20,-13.58,6.58,-42.64,5.41,-29.66,-8.29,-14.60,-67.27,19.92,28.28
285,-1216,-493,659,-4276,565,-16.49,-94.90,-15.23,6.59,-42.76,5.65,-29.76,-8.65,-14.74,-55.05,11.41,26.97
131,-824,-494,655,-4336,689,-14.04,-90.44,-16.72,6.55,-43.36,6.89,-29.86,-9.00,-14.86,-26.86,-39.69,25.49
82,-720,-487,663,-4351,705,-12.14,-85.78,-18.02,6.63,-43.51,7.05,-29.94,-9.33,-14.97,-15.73,-46.52,23.53
-109,-398,-411,720,-4410,768,-11.59,-79.63,-18.72,7.20,-44.10,7.68,-30.02,-9.65,-15.07,14.49,-83.76,16.35
-152,-353,-378,736,-4411,800,-11.36,-73.82,-19.16,7.36,-44.11,8.00,-30.10,-9.94,-15.16,21.54,-79.43,13.11
-275,-263,-211,735,-4426,912,-11.90,-68.05,-18.53,7.35,-44.26,9.12,-30.17,-10.22,-15.23,39.32,-82.03,-0.37
-295,-267,-163,729,-4427,923,-12.51,-62.87,-17.67,7.29,-44.27,9.23,-30.25,-10.47,-15.30,41.26,-71.45,-3.52
-307,-351,1,686,-4398,1009,-13.13,-58.72,-15.90,6.86,-43.98,10.09,-30.33,-10.71,-15.37,41.97,-50.63,-15.53
-296,-390,44,684,-4375,1041,-13.62,-55.23,-14.04,6.84,-43.75,10.41,-30.42,-10.92,-15.44,39.42,-37.92,-17.20
-260,-503,133,688,-4332,1094,-13.85,-52.78,-11.82,6.88,-43.32,10.94,-30.50,-11.13,-15.51,33.56,-15.90,-22.39
-250,-535,146,689,-4319,1102,-13.99,-50.76,-9.75,6.89,-43.19,11.02,-30.59,-11.33,-15.58,31.82,-7.08,-21.29
-220,-621,168,617,-4209,1164,-13.93,-49.47,-7.75,6.17,-42.09,11.64,-30.68,-11.51,-15.66,27.41,8.60,-21.03
-206,-632,164,607,-4191,1176,-13.79,-48.38,-5.97,6.07,-41.91,11.76,-30.76,-11.69,-15.75,25.60,12.46,-18.80
-78,-652,80,663,-4186,1145,-12.89,-47.52,-4.89,6.63,-41.86,11.45,-30.85,-11.86,-15.83,7.84,17.26,-10.53
-29,-656,48,695,-4206,1111,-11.78,-46.77,-4.11,6.95,-42.06,11.11,-30.93,-12.03,-15.92,2.53,19.40,-6.98
171,-691,-28,667,-4224,1004,-9.56,-46.31,-3.87,6.67,-42.24,10.04,-31.00,-12.20,-16.01,-23.71,25.72,-0.28
220,-717,-9,708,-4258,1046,-7.26,-46.05,-3.54,7.08,-42.58,10.46,-31.07,-12.37,-16.10,-26.79,30.28,-1.53
407,-767,89,792,-4400,994,-4.05,-46.12,-2.64,7.92,-44.00,9.94,-31.12,-12.53,-16.19,-49.20,37.88,-8.88
437,-781,118,784,-4372,973,-0.98,-46.28,-1.66,7.84,-43.72,9.73,-31.16,-12.69,-16.28,-47.93,39.83,-10.28
486,-819,145,710,-4282,975,2.08,-46.64,-0.61,7.10,-42.82,9.75,-31.19,-12.85,-16.38,-49.58,45.04,-11.45
515,-799,125,664,-4204,939,5.02,-46.85,0.22,6.64,-42.04,9.39,-31.21,-13.01,-16.49,-48.44,41.69,-8.88
577,-782,-79,571,-3708,1030,8.03,-46.94,-0.29,5.71,-37.08,10.30,-31.22,-13.17,-16.59,-52.17,39.05,7.88
580,-801,-159,588,-3584,967,10.77,-47.13,-1.23,5.88,-35.84,9.67,-31.22,-13.34,-16.69,-47.45,41.69,13.67
1025,-577,-561,453,-3354,891,15.94,-45.94,-4.53,4.53,-33.54,8.91,-31.19,-13.50,-16.78,-105.53,9.90,44.25
1197,-457,-682,479,-3411,881,21.65,-44.13,-8.23,4.79,-34.11,8.81,-31.13,-13.67,-16.85,-120.99,-4.87,50.58
1486,-148,-1274,573,-3937,1417,28.55,-40.62,-15.18,5.73,-39.37,14.17,-31.05,-13.84,-16.88,-152.05,-45.23,93.38
1536,-60,-1452,606,-4082,1436,35.07,-36.93,-22.52,6.06,-40.82,14.36,-30.92,-14.01,-16.89,-147.42,-51.54,100.69
1894,201,-2020,663,-4295,1577,43.11,-32.01,-32.59,6.63,-42.95,15.77,-30.75,-14.19,-16.84,-186.88,-81.91,138.14
1947,174,-2075,664,-4254,1586,50.68,-27.74,-41.99,6.64,-42.54,15.86,-30.55,-14.37,-16.76,-180.77,-69.60,132.84
2509,380,-1956,896,-4208,1952,60.91,-22.65,-49.72,8.96,-42.08,19.52,-30.29,-14.54,-16.63,-247.26,-91.25,114.56
2775,257,-1563,481,-4178,1964,71.75,-18.82,-54.28,4.81,-41.78,19.64,-29.98,-14.71,-16.48,-267.50,-65.12,76.42
2774,145,-1434,412,-4199,2046,81.50,-16.05,-57.60,4.12,-41.99,20.46,-29.63,-14.88,-16.31,-249.13,-42.69,61.96
2634,-292,-954,455,-4190,2289,89.41,-16.23,-57.66,4.55,-41.90,22.89,-29.24,-15.05,-16.14,-213.03,23.72,21.22
2498,-436,-779,405,-4131,2328,95.71,-17.27,-56.65,4.05,-41.31,23.28,-28.83,-15.21,-15.97,-180.64,43.83,7.45
2182,-600,-491,237,-3971,2380,99.45,-19.20,-53.98,2.37,-39.71,23.80,-28.41,-15.38,-15.82,-125.65,65.29,-14.13
2094,-610,-444,247,-3968,2369,102.28,-21.00,-51.29,2.47,-39.68,23.69,-27.98,-15.54,-15.68,-107.15,63.51,-15.28
1812,-593,-365,219,-3886,2305,103.10,-22.52,-48.39,2.19,-38.86,23.05,-27.55,-15.71,-15.55,-62.87,58.15,-18.91
1625,-566,-348,200,-3862,2227,102.71,-23.72,-45.67,2.00,-38.62,22.27,-27.12,-15.87,-15.43,-35.39,51.87,-17.49
1586,-560,-345,189,-3835,2234,102.11,-24.76,-43.21,1.89,-38.35,22.34,-26.70,-16.03,-15.32,-30.85,49.08,-15.14
1472,-491,-280,190,-3667,2317,100.88,-25.28,-40.60,1.90,-36.67,23.17,-26.28,-16.19,-15.22,-16.07,37.68,-17.89
1444,-457,-249,210,-3638,2353,99.60,-25.54,-38.05,2.10,-36.38,23.53,-25.87,-16.34,-15.13,-14.49,32.10,-17.84
1343,-347,-117,256,-3592,2335,97.83,-25.10,-34.96,2.56,-35.92,23.35,-25.47,-16.48,-15.05,-2.70,16.25,-25.75
1277,-327,1,328,-3540,2314,95.84,-24.59,-31.46,3.28,-35.40,23.14,-25.09,-16.62,-14.98,3.33,14.27,-32.05
1271,-323,44,320,-3541,2337,94.01,-24.10,-28.05,3.20,-35.41,23.37,-24.71,-16.75,-14.92,0.53,14.67,-32.08
1302,-271,69,199,-3442,2394,92.55,-23.34,-24.82,1.99,-34.42,23.94,-24.34,-16.87,-14.87,-7.20,8.25,-30.79
1323,-265,75,202,-3427,2369,91.36,-22.62,-21.88,2.02,-34.27,23.69,-23.98,-16.98,-14.83,-12.89,8.77,-28.19
1406,-238,61,388,-3406,2503,90.80,-21.81,-19.32,3.88,-34.06,25.03,-23.62,-17.09,-14.80,-26.84,6.26,-24.29
1431,-226,42,435,-3402,2495,90.45,-21.01,-17.13,4.35,-34.02,24.95,-23.27,-17.19,-14.77,-31.55,6.01,-20.37
1557,-274,-50,426,-3248,2380,90.91,-20.58,-15.72,4.26,-32.48,23.80,-22.92,-17.28,-14.75,-50.14,14.21,-11.09
1602,-304,-75,399,-3197,2371,91.59,-20.38,-14.61,3.99,-31.97,23.71,-22.56,-17.38,-14.73,-55.95,19.23,-7.79
1758,-384,-154,214,-2929,2489,93.15,-20.68,-14.09,2.14,-29.29,24.89,-22.20,-17.47,-14.72,-77.01,30.91,-0.55
1797,-374,-166,180,-2870,2564,94.80,-20.90,-13.69,1.80,-28.70,25.64,-21.83,-17.56,-14.70,-80.09,29.05,0.89
1896,-234,-191,335,-2727,2832,96.88,-20.23,-13.49,3.35,-27.27,28.32,-21.45,-17.64,-14.69,-91.48,9.01,3.22
1929,-148,-197,416,-2668,2942,98.96,-19.11,-13.34,4.16,-26.68,29.42,-21.07,-17.72,-14.67,-92.83,-1.93,3.88
1945,-33,-190,242,-2568,3141,100.93,-17.40,-13.17,2.42,-25.68,31.41,-20.67,-17.80,-14.65,-91.81,-16.18,3.47
1938,-9,-190,246,-2565,3258,102.66,-15.72,-13.01,2.46,-25.65,32.58,-20.27,-17.86,-14.62,-87.73,-16.61,3.64
1837,21,-192,282,-2627,3345,103.60,-14.02,-12.88,2.82,-26.27,33.45,-19.86,-17.92,-14.60,-70.82,-17.92,3.94
1800,-30,-197,267,-2665,3299,104.22,-12.80,-12.79,2.67,-26.65,32.99,-19.45,-17.98,-14.57,-64.27,-7.80,4.46
1672,-303,-214,290,-2654,3465,104.00,-13.37,-12.82,2.90,-26.54,34.65,-19.04,-18.03,-14.54,-45.45,32.79,5.87
1630,-363,-219,312,-2656,3513,103.54,-14.24,-12.87,3.12,-26.56,35.13,-18.63,-18.09,-14.52,-40.17,40.32,6.23
1493,-546,-193,277,-2497,3509,102.29,-16.15,-12.76,2.77,-24.97,35.09,-18.23,-18.16,-14.49,-21.91,64.66,4.14
1420,-672,-117,318,-2420,3530,100.73,-18.64,-12.20,3.18,-24.20,35.30,-17.83,-18.23,-14.47,-14.01,79.22,-1.70
1414,-691,-88,345,-2381,3539,99.28,-20.99,-11.52,3.45,-23.81,35.39,-17.44,-18.32,-14.46,-16.09,77.72,-3.44
1422,-685,48,306,-2302,3557,98.03,-23.07,-10.07,3.06,-23.02,35.57,-17.06,-18.40,-14.45,-19.94,72.92,-13.43
1434,-670,75,315,-2289,3566,96.97,-24.85,-8.61,3.15,-22.89,35.66,-16.69,-18.50,-14.45,-24.01,67.32,-14.17
1461,-601,168,332,-2194,3586,96.19,-26.03,-6.72,3.32,-21.94,35.86,-16.32,-18.59,-14.46,-29.86,54.63,-20.05
1468,-584,187,306,-2189,3555,95.52,-26.99,-4.91,3.06,-21.89,35.55,-15.95,-18.69,-14.48,-32.42,50.28,-19.74
1474,-533,251,442,-1957,3561,94.96,-27.54,-2.89,4.42,-19.57,35.61,-15.59,-18.79,-14.50,-34.64,41.52,-23.02
1459,-506,292,444,-1887,3614,94.36,-27.87,-0.82,4.44,-18.87,36.14,-15.24,-18.88,-14.53,-33.71,36.84,-24.30
1482,-422,392,381,-1757,3568,93.97,-27.66,1.66,3.81,-17.57,35.68,-14.89,-18.97,-14.57,-38.20,24.49,-30.15
1501,-340,465,448,-1653,3665,93.73,-26.97,4.33,4.48,-16.53,36.65,-14.54,-19.06,-14.62,-41.79,13.35,-33.50
1504,-319,477,453,-1624,3650,93.53,-26.22,6.80,4.53,-16.24,36.50,-14.20,-19.14,-14.68,-42.85,11.62,-31.89
1523,-257,486,545,-1489,3664,93.47,-25.16,9.09,5.45,-14.89,36.64,-13.85,-19.21,-14.75,-46.09,4.21,-30.22
1549,-243,484,564,-1426,3631,93.57,-24.13,11.13,5.64,-14.26,36.31,-13.51,-19.28,-14.82,-50.08,4.08,-27.88
1643,-255,453,565,-1332,3568,94.23,-23.27,12.78,5.65,-13.32,35.68,-13.17,-19.34,-14.90,-63.38,7.58,-23.50
1677,-262,441,598,-1275,3565,95.04,-22.54,14.19,5.98,-12.75,35.65,-12.83,-19.40,-14.99,-67.27,10.07,-20.98
1825,-277,400,591,-1126,3618,96.67,-21.98,15.21,5.91,-11.26,36.18,-12.48,-19.46,-15.07,-86.99,13.46,-16.42
1860,-283,385,601,-1091,3611,98.35,-21.51,16.04,6.01,-10.91,36.11,-12.12,-19.51,-15.16,-89.38,15.30,-14.27
1960,-337,310,681,-1023,3597,100.47,-21.41,16.33,6.81,-10.23,35.97,-11.75,-19.57,-15.25,-100.85,23.75,-7.60
1977,-357,283,684,-1010,3598,102.48,-21.45,16.42,6.84,-10.10,35.98,-11.38,-19.62,-15.34,-99.88,26.77,-5.21
2020,-434,184,780,-868,3602,104.56,-21.95,15.90,7.80,-8.68,36.02,-10.99,-19.68,-15.42,-102.76,37.60,2.64
2034,-453,163,760,-832,3603,106.51,-22.52,15.31,7.60,-8.32,36.03,-10.60,-19.74,-15.51,-101.46,39.46,3.79
2128,-500,92,735,-767,3628,108.84,-23.32,14.34,7.35,-7.67,36.28,-10.19,-19.80,-15.59,-111.65,45.16,8.79
2190,-508,62,777,-721,3640,111.31,-24.08,13.28,7.77,-7.21,36.40,-9.78,-19.87,-15.66,-116.70,44.97,10.22
2335,-519,28,817,-647,3642,114.43,-24.84,12.12,8.17,-6.47,36.42,-9.34,-19.94,-15.73,-133.20,45.26,11.88
2376,-525,21,836,-622,3655,117.48,-25.56,11.04,8.36,-6.22,36.55,-8.90,-20.02,-15.79,-133.97,44.87,11.33
2525,-549,33,870,-463,3775,121.13,-26.35,10.14,8.70,-4.63,37.75,-8.43,-20.10,-15.85,-150.08,47.08,9.36
2570,-562,47,915,-428,3797,124.69,-27.15,9.41,9.15,-4.28,37.97,-7.94,-20.19,-15.91,-150.51,47.61,7.41
2738,-635,121,983,-275,3877,128.93,-28.30,9.21,9.83,-2.75,38.77,-7.44,-20.28,-15.96,-168.45,56.61,0.93
2787,-665,143,979,-247,3874,133.04,-29.53,9.16,9.79,-2.47,38.74,-6.91,-20.38,-16.01,-168.49,58.93,-0.98
2961,-803,223,1020,-41,3869,137.79,-31.48,9.60,10.20,-0.41,38.69,-6.37,-20.49,-16.06,-186.37,76.36,-7.28
3002,-837,249,1013,29,3866,142.33,-33.43,10.16,10.13,0.29,38.66,-5.80,-20.60,-16.11,-184.41,77.92,-8.89
3103,-915,409,1072,282,3907,147.02,-35.67,11.64,10.72,2.82,39.07,-5.22,-20.73,-16.17,-191.30,85.66,-20.87
3122,-941,435,999,177,3801,151.36,-37.85,13.13,9.99,1.77,38.01,-4.63,-20.87,-16.24,-186.37,85.60,-21.49
3071,-984,521,1131,550,3640,154.96,-40.06,14.99,11.31,5.50,36.40,-4.02,-21.02,-16.31,-172.18,88.05,-26.79
3028,-996,556,1119,591,3593,157.94,-42.13,16.89,11.19,5.91,35.93,-3.40,-21.18,-16.38,-160.40,86.07,-27.75
2815,-971,677,1192,782,3465,159.31,-43.84,19.33,11.92,7.82,34.65,-2.77,-21.35,-16.47,-125.72,79.13,-35.41
2738,-958,705,1183,812,3403,160.08,-45.30,21.70,11.83,8.12,34.03,-2.15,-21.52,-16.57,-112.93,74.50,-35.26
2395,-868,783,1220,993,3245,158.69,-46.07,24.30,12.20,9.93,32.45,-1.54,-21.70,-16.67,-63.67,59.44,-39.10
2291,-830,796,1225,1056,3227,156.79,-46.52,26.73,12.25,10.56,32.27,-0.93,-21.89,-16.78,-51.80,52.91,-37.63
1901,-662,799,1292,1137,3137,152.71,-45.91,28.93,12.92,11.37,31.37,-0.35,-22.07,-16.90,-0.44,28.57,-35.54
1804,-614,768,1297,1212,3138,148.44,-45.06,30.72,12.97,12.12,31.38,0.21,-22.25,-17.03,5.90,22.97,-31.00
1461,-463,689,1335,1476,3084,142.51,-43.38,31.85,13.35,14.76,30.84,0.75,-22.42,-17.15,46.62,3.24,-23.10
1326,-416,631,1353,1581,3069,136.35,-41.58,32.52,13.53,15.81,30.69,1.26,-22.59,-17.28,55.19,-0.40,-17.47
1099,-345,476,1376,1695,3117,129.42,-39.53,32.17,13.76,16.95,31.17,1.75,-22.76,-17.41,76.36,-7.23,-4.70
1053,-334,430,1395,1700,3114,122.90,-37.61,31.57,13.95,17.00,31.14,2.21,-22.91,-17.54,70.73,-5.18,-1.42
940,-336,259,1388,1685,3143,116.34,-35.90,30.00,13.88,16.85,31.43,2.65,-23.06,-17.65,75.26,-1.54,11.41
926,-348,218,1397,1685,3128,110.36,-34.43,28.33,13.97,16.85,31.28,3.06,-23.20,-17.76,65.78,3.17,13.12
924,-420,112,1399,1705,3119,104.96,-33.55,26.18,13.99,17.05,31.19,3.46,-23.34,-17.86,55.60,15.91,19.84
934,-440,96,1432,1732,3101,100.16,-32.88,24.14,14.32,17.32,31.01,3.84,-23.48,-17.94,44.73,20.32,19.05
987,-504,73,1464,1686,3040,96.16,-32.67,22.18,14.64,16.86,30.40,4.21,-23.62,-18.02,28.84,30.58,18.92
1006,-518,67,1456,1677,3007,92.68,-32.56,20.37,14.56,16.77,30.07,4.57,-23.76,-18.09,19.11,33.01,17.52
1077,-553,64,1499,1700,2941,89.99,-32.68,18.72,14.99,17.00,29.41,4.92,-23.89,-18.16,2.94,38.21,16.03
1116,-559,81,1507,1734,2958,87.79,-32.82,17.34,15.07,17.34,29.58,5.27,-24.03,-18.21,-7.38,38.95,13.14
1181,-565,128,1566,1773,2938,86.22,-32.98,16.39,15.66,17.73,29.38,5.61,-24.17,-18.26,-20.51,39.64,8.15
1205,-579,137,1567,1778,2921,84.95,-33.22,15.59,15.67,17.78,29.21,5.95,-24.31,-18.30,-26.80,41.43,6.54
1322,-660,156,1551,1851,2882,84.52,-33.92,14.98,15.51,18.51,28.82,6.29,-24.46,-18.35,-45.68,52.54,4.30
1362,-682,160,1553,1886,2858,84.37,-34.69,14.46,15.53,18.86,28.58,6.62,-24.60,-18.38,-52.27,54.54,3.41
1542,-752,171,1551,1979,2738,85.34,-35.81,14.05,15.51,19.79,27.38,6.97,-24.75,-18.42,-78.11,63.20,2.05
1600,-770,170,1564,2024,2699,86.57,-36.92,13.69,15.64,20.24,26.99,7.32,-24.91,-18.45,-84.87,63.93,1.75
1839,-782,152,1608,2088,2700,89.13,-38.00,13.24,16.08,20.88,27.00,7.68,-25.07,-18.48,-116.70,63.82,2.81
1901,-773,155,1604,2124,2648,91.81,-38.92,12.87,16.04,21.24,26.48,8.05,-25.23,-18.50,-121.32,60.83,2.16
2040,-799,122,1659,2254,2703,95.08,-39.90,12.32,16.59,22.54,27.03,8.44,-25.40,-18.52,-136.60,63.04,4.38
2103,-838,121,1635,2261,2613,98.40,-41.02,11.83,16.35,22.61,26.13,8.84,-25.57,-18.54,-140.18,66.98,3.94
2339,-972,91,1611,2346,2475,102.82,-42.85,11.20,16.11,23.46,24.75,9.26,-25.75,-18.55,-168.06,84.07,5.82
2388,-1006,84,1632,2375,2449,107.11,-44.70,10.59,16.32,23.75,24.49,9.71,-25.93,-18.55,-167.71,85.87,5.77
2542,-1098,88,1681,2501,2298,111.90,-46.93,10.07,16.81,25.01,22.98,10.17,-26.13,-18.55,-182.42,95.81,4.88
2577,-1121,95,1670,2545,2249,116.43,-49.07,9.64,16.70,25.45,22.49,10.65,-26.33,-18.55,-179.50,95.39,3.83
2671,-1199,122,1694,2690,2015,121.08,-51.48,9.42,16.94,26.90,20.15,11.16,-26.54,-18.54,-185.36,102.86,1.31
2678,-1208,121,1697,2729,1966,125.31,-53.70,9.22,16.97,27.29,19.66,11.68,-26.77,-18.52,-178.77,100.18,1.18
2617,-1177,4,1741,2862,1734,128.74,-55.51,8.32,17.41,28.62,17.34,12.23,-26.99,-18.50,-163.32,92.17,10.14
2587,-1162,12,1854,2680,1700,131.65,-57.05,7.56,18.54,26.80,17.00,12.78,-27.23,-18.47,-153.61,87.13,8.65
2435,-1131,42,1787,2784,1437,133.34,-58.24,7.06,17.87,27.84,14.37,13.35,-27.47,-18.43,-127.60,80.30,5.58
2383,-1097,34,1829,2841,1353,134.54,-59.11,6.56,18.29,28.41,13.53,13.92,-27.71,-18.39,-117.77,73.63,5.72
2302,-1010,32,1837,2894,1271,135.13,-59.36,6.10,18.37,28.94,12.71,14.50,-27.95,-18.34,-104.69,60.04,5.40
2289,-976,39,1860,2910,1250,135.58,-59.38,5.73,18.60,29.10,12.50,15.08,-28.19,-18.28,-102.24,54.98,4.41
2228,-894,78,1844,2899,1107,135.61,-58.89,5.63,18.44,28.99,11.07,15.66,-28.43,-18.23,-93.26,43.55,1.00
2211,-892,88,1845,2901,1036,135.54,-58.44,5.61,18.45,29.01,10.36,16.25,-28.66,-18.17,-91.19,44.25,0.12
2099,-953,134,1862,2975,872,134.79,-58.41,5.86,18.62,29.75,8.72,16.83,-28.90,-18.11,-75.92,53.77,-3.51
2055,-968,155,1886,3008,831,133.84,-58.48,6.22,18.86,30.08,8.31,17.41,-29.13,-18.05,-71.38,56.09,-4.92
1849,-999,232,1897,3092,675,131.74,-58.72,7.02,18.97,30.92,6.75,17.98,-29.37,-17.99,-44.33,60.51,-10.61
1783,-1002,247,1888,3109,630,129.44,-58.96,7.82,18.88,31.09,6.30,18.54,-29.61,-17.93,-38.98,60.67,-11.03
1600,-997,266,1861,3104,472,126.26,-59.15,8.66,18.61,31.04,4.72,19.09,-29.85,-17.87,-17.47,59.72,-11.76
1543,-986,259,1881,3116,426,123.04,-59.25,9.37,18.81,31.16,4.26,19.63,-30.09,-17.81,-15.22,58.01,-10.41
1516,-895,270,1884,3167,413,119.99,-58.78,10.08,18.84,31.67,4.13,20.15,-30.33,-17.75,-17.23,45.17,-10.60
1532,-863,279,1867,3162,369,117.33,-58.17,10.78,18.67,31.62,3.69,20.66,-30.57,-17.70,-25.04,41.61,-10.63
1556,-843,345,1862,3227,221,115.09,-57.49,11.80,18.62,32.27,2.21,21.16,-30.81,-17.64,-33.27,40.00,-15.14
1539,-859,369,1854,3224,211,112.97,-56.98,12.87,18.54,32.24,2.11,21.66,-31.04,-17.59,-35.02,43.56,-16.05
1540,-825,443,1807,3202,96,111.07,-56.32,14.29,18.07,32.02,0.96,22.14,-31.28,-17.55,-39.10,39.79,-20.82
1540,-817,462,1769,3184,20,109.35,-55.67,15.68,17.69,31.84,0.20,22.61,-31.51,-17.51,-42.66,39.95,-20.96
1478,-879,531,1744,3228,-152,107.44,-55.47,17.35,17.44,32.28,-1.52,23.07,-31.75,-17.47,-37.14,49.95,-25.04
1455,-901,560,1755,3253,-157,105.57,-55.41,19.03,17.55,32.53,-1.57,23.53,-31.99,-17.44,-37.47,53.56,-25.72
1326,-842,665,1756,3298,-219,103.10,-55.01,21.18,17.56,32.98,-2.19,23.96,-32.23,-17.41,-22.76,45.49,-32.34
1266,-788,700,1681,3299,-397,100.51,-54.32,23.34,16.81,32.99,-3.97,24.39,-32.47,-17.40,-18.79,38.73,-33.03
1220,-582,758,1613,3328,-702,97.90,-52.43,25.63,16.13,33.28,-7.02,24.80,-32.71,-17.40,-16.99,11.03,-35.52
1209,-511,782,1596,3322,-769,95.49,-50.31,27.83,15.96,33.22,-7.69,25.19,-32.94,-17.40,-20.14,4.39,-35.21
1115,-267,932,1629,3398,-644,92.74,-46.91,30.74,16.29,33.98,-6.44,25.56,-33.17,-17.43,-11.26,-26.23,-44.85
1003,-217,971,1638,3406,-614,89.58,-43.54,33.59,16.38,34.06,-6.14,25.91,-33.39,-17.47,-0.38,-27.33,-45.13
433,-19,1046,1625,3485,-549,83.27,-39.30,36.61,16.25,34.85,-5.49,26.22,-33.60,-17.54,74.37,-49.36,-48.28
283,44,1042,1619,3494,-495,76.67,-35.10,39.30,16.19,34.94,-4.95,26.49,-33.80,-17.62,84.56,-50.89,-45.08
99,337,904,1350,3393,-655,69.60,-29.54,40.89,13.50,33.93,-6.55,26.73,-33.98,-17.72,99.09,-84.91,-31.70
18,350,838,1364,3383,-644,62.75,-24.45,41.91,13.64,33.83,-6.44,26.93,-34.14,-17.84,98.34,-77.14,-25.01
-277,367,648,1433,3474,-627,54.79,-19.76,41.67,14.33,34.74,-6.27,27.09,-34.29,-17.96,128.13,-70.77,-9.16
-317,425,584,1379,3498,-537,47.38,-15.20,41.07,13.79,34.98,-5.37,27.22,-34.42,-18.09,120.11,-70.87,-4.36
-277,569,557,1380,3572,-456,40.95,-10.20,40.36,13.80,35.72,-4.56,27.32,-34.54,-18.23,101.77,-83.31,-2.81
-281,587,553,1325,3565,-437,35.14,-5.60,39.70,13.25,35.65,-4.37,27.39,-34.63,-18.38,91.33,-77.27,-3.16
-491,544,513,1328,3552,-316,28.63,-1.72,38.86,13.28,35.52,-3.16,27.43,-34.71,-18.53,111.00,-63.32,-0.65
-582,527,497,1334,3523,-305,22.22,1.66,38.00,13.34,35.23,-3.05,27.45,-34.78,-18.69,112.72,-54.27,-0.19
-687,615,411,1277,3416,-518,15.80,5.25,36.71,12.77,34.16,-5.18,27.43,-34.83,-18.85,116.60,-60.86,5.75
-705,618,390,1194,3420,-460,9.92,8.49,35.42,11.94,34.20,-4.60,27.40,-34.87,-19.01,108.23,-55.15,6.17
-948,602,371,1216,3479,-360,3.15,11.32,34.14,12.16,34.79,-3.60,27.33,-34.89,-19.17,132.50,-47.35,6.44
-1013,596,381,1192,3482,-354,-3.35,13.82,33.05,11.92,34.82,-3.54,27.24,-34.90,-19.33,130.17,-41.68,4.46
-1099,625,456,1190,3468,-284,-9.71,16.25,32.53,11.90,34.68,-2.84,27.12,-34.90,-19.50,131.30,-41.50,-2.44
-975,711,507,1173,3508,-277,-14.69,18.96,32.37,11.73,35.08,-2.77,26.98,-34.90,-19.67,103.06,-49.48,-6.91
-857,741,638,1124,3570,35,-18.45,21.59,33.02,11.24,35.70,0.35,26.82,-34.88,-19.85,78.05,-49.10,-17.30
-871,762,674,1159,3586,64,-21.92,24.08,33.83,11.59,35.86,0.64,26.64,-34.85,-20.03,73.74,-47.60,-19.48
-812,873,764,1119,3489,123,-24.68,26.99,35.11,11.19,34.89,1.23,26.44,-34.82,-20.23,59.64,-59.03,-25.73
-808,863,765,1093,3452,107,-27.14,29.56,36.26,10.93,34.52,1.07,26.22,-34.78,-20.44,54.51,-52.67,-24.57
-764,828,692,989,3446,174,-29.09,31.65,36.86,9.89,34.46,1.74,26.00,-34.73,-20.66,44.26,-43.40,-17.74
-765,803,688,964,3535,160,-30.84,33.39,37.37,9.64,35.35,1.60,25.76,-34.67,-20.88,41.24,-36.34,-16.84
-594,753,812,902,3649,92,-31.38,34.64,38.59,9.02,36.49,0.92,25.52,-34.61,-21.11,14.30,-26.38,-26.04
-590,745,843,881,3629,160,-31.84,35.72,39.87,8.81,36.29,1.60,25.27,-34.55,-21.35,12.98,-23.15,-27.28
-588,660,943,869,3645,281,-32.25,36.18,41.63,8.69,36.45,2.81,25.02,-34.49,-21.59,12.08,-9.37,-33.86
-598,636,979,849,3690,331,-32.67,36.44,43.44,8.49,36.90,3.31,24.76,-34.43,-21.85,12.98,-5.25,-34.98
-620,642,1002,762,3725,340,-33.18,36.71,45.21,7.62,37.25,3.40,24.50,-34.37,-22.11,15.53,-5.69,-35.03
-634,648,988,754,3727,312,-33.73,36.99,46.72,7.54,37.27,3.12,24.22,-34.31,-22.38,16.81,-6.11,-32.22
-755,722,896,645,3806,328,-34.97,37.70,47.51,6.45,38.06,3.28,23.95,-34.25,-22.65,33.11,-16.11,-23.56
-813,747,875,644,3834,318,-36.43,38.48,48.10,6.44,38.34,3.18,23.66,-34.18,-22.92,39.37,-18.47,-21.14
-1139,874,799,580,3864,451,-39.73,39.97,48.16,5.80,38.64,4.51,23.36,-34.11,-23.20,83.03,-35.08,-14.61
-1244,901,773,585,3858,433,-43.35,41.47,48.06,5.85,38.58,4.33,23.04,-34.03,-23.48,92.40,-36.41,-12.49
-1660,977,658,648,3802,692,-49.14,43.28,47.27,6.48,38.02,6.92,22.71,-33.94,-23.76,145.09,-44.62,-3.56
-1768,994,624,585,3793,734,-55.01,45.01,46.35,5.85,37.93,7.34,22.35,-33.84,-24.04,150.68,-43.99,-1.63
-2122,948,519,500,3792,815,-62.45,46.30,44.88,5.00,37.92,8.15,21.96,-33.73,-24.31,190.83,-34.62,5.74
-2275,891,486,476,3788,943,-70.09,47.10,43.36,4.76,37.88,9.43,21.55,-33.61,-24.58,199.97,-24.48,6.95
-2655,819,429,480,3890,1221,-79.27,47.39,41.64,4.80,38.90,12.21,21.10,-33.49,-24.84,240.82,-13.04,9.98
-2763,818,410,463,3879,1301,-88.20,47.64,39.97,4.63,38.79,13.01,20.63,-33.37,-25.08,240.69,-12.50,9.85
-3239,780,267,333,3791,1322,-99.14,47.63,37.61,3.33,37.91,13.22,20.11,-33.23,-25.32,292.91,-6.80,19.48
-3377,745,213,372,3734,1386,-109.82,47.41,35.14,3.72,37.34,13.86,19.57,-33.10,-25.54,294.07,-1.97,21.47
-3967,570,-8,313,3645,1559,-123.04,46.15,31.58,3.13,36.45,15.59,18.98,-32.96,-25.75,359.40,22.23,36.44
-4133,528,-74,364,3573,1654,-135.95,44.76,27.97,3.64,35.73,16.54,18.35,-32.82,-25.93,360.69,25.91,38.22
-4745,414,-372,317,3360,1749,-151.30,42.81,22.91,3.17,33.60,17.49,17.67,-32.67,-26.09,425.39,39.50,58.12
-4893,397,-450,337,3297,1802,-166.01,40.95,17.87,3.37,32.97,18.02,16.95,-32.53,-26.22,420.56,38.48,59.41
-5418,377,-705,273,3230,1955,-182.46,39.15,11.78,2.73,32.30,19.55,16.19,-32.39,-26.31,469.98,38.04,74.57
-5620,381,-806,302,3060,2097,-198.50,37.56,5.69,3.02,30.60,20.97,15.37,-32.24,-26.38,470.95,34.32,76.68
-5940,441,-1032,384,2619,2416,-214.88,36.49,-1.18,3.84,26.19,24.16,14.51,-32.09,-26.40,489.29,23.05,88.56
-5953,507,-1083,393,2546,2478,-229.71,35.94,-7.67,3.93,25.46,24.78,13.60,-31.93,-26.40,463.79,11.82,86.01
-5909,848,-1196,353,2193,2474,-242.78,37.52,-14.19,3.53,21.93,24.74,12.66,-31.76,-26.37,432.94,-37.30,88.67
-6021,760,-1192,342,2094,2467,-255.23,38.40,-20.05,3.42,20.94,24.67,11.69,-31.58,-26.30,427.08,-22.32,82.13
-5826,747,-1135,427,1567,2729,-265.25,39.12,-24.96,4.27,15.67,27.29,10.68,-31.40,-26.22,379.04,-19.11,72.08
-5775,704,-1103,415,1406,3071,-273.95,39.50,-29.20,4.15,14.06,30.71,9.65,-31.20,-26.11,355.46,-11.95,64.88
-5520,720,-973,466,1078,3323,-280.23,39.94,-32.21,4.66,10.78,33.23,8.59,-31.01,-25.99,305.38,-13.68,50.66
-5401,760,-926,438,992,3448,-285.15,40.58,-34.64,4.38,9.92,34.48,7.53,-30.81,-25.85,278.61,-18.70,44.10
-4900,813,-715,406,652,3551,-286.53,41.48,-35.54,4.06,6.52,35.51,6.46,-30.62,-25.71,200.31,-25.20,25.26
-4676,804,-627,425,499,3659,-286.40,42.24,-35.81,4.25,4.99,36.59,5.39,-30.42,-25.56,167.10,-22.53,17.50
-4171,703,-452,379,294,3774,-283.20,42.31,-34.98,3.79,2.94,37.74,4.33,-30.22,-25.42,96.84,-7.14,3.54
-4013,671,-413,384,230,3796,-279.36,42.17,-34.01,3.84,2.30,37.96,3.28,-30.03,-25.28,80.71,-2.64,1.26
-3363,531,-301,334,60,3900,-271.94,41.19,-32.44,3.34,0.60,39.00,2.26,-29.84,-25.14,-3.68,16.73,-6.59
-3196,490,-273,341,24,3939,-264.24,40.06,-30.86,3.41,0.24,39.39,1.27,-29.66,-25.00,-13.92,20.72,-7.30
-2527,364,-191,324,-144,3964,-253.23,38.27,-28.94,3.24,-1.44,39.64,0.32,-29.49,-24.87,-94.46,36.44,-12.23
-2345,333,-174,312,-180,3982,-242.21,36.48,-27.11,3.12,-1.80,39.82,-0.59,-29.33,-24.75,-100.75,37.66,-11.74
-1779,209,-94,291,-265,4075,-228.84,34.11,-24.97,2.91,-2.65,40.75,-1.45,-29.18,-24.63,-161.17,51.98,-16.26
-1696,153,-70,284,-282,4090,-216.30,31.63,-22.90,2.84,-2.82,40.90,-2.27,-29.04,-24.52,-149.54,55.74,-16.11
-1497,-12,9,246,-428,4007,-203.81,28.39,-20.56,2.46,-4.28,40.07,-3.03,-28.91,-24.42,-155.71,74.69,-20.33
-1444,-60,39,238,-414,3976,-192.23,25.19,-18.26,2.38,-4.14,39.76,-3.76,-28.80,-24.33,-141.40,75.86,-20.45
-1117,54,107,151,-424,3794,-179.82,23.00,-15.78,1.51,-4.24,37.94,-4.45,-28.70,-24.26,-167.31,54.26,-23.60
-1113,63,115,184,-416,3996,-168.63,21.08,-13.50,1.84,-4.16,39.96,-5.09,-28.60,-24.19,-146.30,49.20,-21.87
-1355,51,84,153,-493,3914,-160.03,19.29,-11.64,1.53,-4.93,39.14,-5.70,-28.51,-24.13,-92.70,47.57,-17.27
-1441,44,62,146,-525,3948,-152.82,17.62,-10.10,1.46,-5.25,39.48,-6.29,-28.43,-24.07,-65.54,45.43,-13.78
-1860,-7,-47,191,-696,3867,-148.88,15.82,-9.38,1.91,-6.96,38.67,-6.86,-28.35,-24.02,6.19,49.74,-3.78
-1969,-12,-77,196,-754,3854,-146.01,14.16,-8.91,1.96,-7.54,38.54,-7.43,-28.29,-23.98,28.64,47.33,-0.75
-2385,-46,-171,219,-997,3741,-145.95,12.47,-9.06,2.19,-9.97,37.41,-7.99,-28.22,-23.93,92.55,49.26,7.05
-2488,-47,-188,241,-1070,3736,-146.54,10.93,-9.30,2.41,-10.70,37.36,-8.56,-28.17,-23.88,107.53,46.47,8.23
-2899,-64,-220,240,-1223,3630,-149.57,9.45,-9.71,2.40,-12.23,36.30,-9.14,-28.12,-23.84,164.85,46.22,10.50
-3097,-75,-146,373,-1515,3628,-153.50,8.05,-9.63,3.73,-15.15,36.28,-9.75,-28.08,-23.79,187.99,45.22,4.31
-3480,-53,-100,321,-1121,3547,-159.38,6.92,-9.28,3.21,-11.21,35.47,-10.37,-28.05,-23.75,235.68,39.70,0.78
-3540,-35,-130,327,-1325,3438,-165.03,6.01,-9.14,3.27,-13.25,34.38,-11.01,-28.01,-23.71,234.54,35.22,3.47
-3612,50,-184,221,-1724,3456,-170.56,5.72,-9.35,2.21,-17.24,34.56,-11.69,-27.98,-23.67,235.49,21.67,7.82
-3583,98,-205,216,-1786,3453,-175.36,5.74,-9.67,2.16,-17.86,34.53,-12.38,-27.96,-23.62,222.43,14.38,9.26
-3330,327,-272,154,-2024,3459,-178.14,7.16,-10.36,1.54,-20.24,34.59,-13.07,-27.92,-23.58,179.06,-17.87,14.20
-3245,380,-289,162,-2091,3425,-180.12,8.77,-11.09,1.62,-20.91,34.25,-13.78,-27.88,-23.52,162.81,-22.94,14.86
-3017,454,-348,130,-2323,3461,-180.51,10.66,-12.10,1.30,-23.23,34.61,-14.49,-27.84,-23.46,127.76,-30.67,18.78
-2966,456,-357,122,-2383,3453,-180.55,12.37,-13.07,1.22,-23.83,34.53,-15.19,-27.79,-23.40,120.37,-27.76,18.51
-2653,499,-373,86,-2539,3312,-178.68,14.18,-14.04,0.86,-25.39,33.12,-15.88,-27.74,-23.33,76.64,-30.93,18.84
-2455,488,-364,42,-2595,3277,-175.79,15.74,-14.85,0.42,-25.95,32.77,-16.56,-27.68,-23.25,52.37,-26.34,17.20
-2091,430,-338,19,-2738,3371,-170.97,16.79,-15.43,0.19,-27.38,33.71,-17.21,-27.62,-23.17,6.43,-15.55,14.38
-2006,404,-331,5,-2769,3340,-166.11,17.57,-15.91,0.05,-27.69,33.40,-17.85,-27.56,-23.08,3.09,-10.13,13.28
-1698,311,-304,-42,-2870,3321,-159.85,17.71,-16.17,-0.42,-28.70,33.21,-18.46,-27.50,-22.99,-31.63,4.27,10.70
-1636,285,-297,-50,-2892,3301,-153.85,17.68,-16.36,-0.50,-28.92,33.01,-19.04,-27.44,-22.90,-29.33,8.14,9.90
-1461,214,-273,-49,-2945,3237,-147.37,17.22,-16.39,-0.49,-29.45,32.37,-19.60,-27.39,-22.81,-43.39,18.05,7.82
-1406,168,-275,-37,-2997,3138,-141.21,16.52,-16.43,-0.37,-29.97,31.38,-20.14,-27.33,-22.73,-39.75,23.71,7.94
-1406,155,-276,-60,-2994,3116,-135.67,15.81,-16.47,-0.60,-29.94,31.16,-20.65,-27.28,-22.64,-28.91,24.32,7.98
-1473,101,-244,-25,-2783,3030,-131.09,14.85,-16.31,-0.25,-27.83,30.30,-21.15,-27.24,-22.55,-9.69,30.70,5.43
-1512,89,-212,-71,-2868,2996,-127.20,13.91,-15.98,-0.71,-28.68,29.96,-21.63,-27.19,-22.47,3.93,30.72,3.07
-1730,30,-145,-67,-3111,2817,-125.03,12.70,-15.26,-0.67,-31.11,28.17,-22.10,-27.16,-22.39,41.60,37.40,-1.86
-1787,19,-137,-88,-3131,2791,-123.43,11.55,-14.57,-0.88,-31.31,27.91,-22.57,-27.12,-22.32,53.64,36.87,-1.81
-1982,22,-149,-146,-3326,2719,-123.18,10.53,-14.02,-1.46,-33.26,27.19,-23.05,-27.09,-22.25,84.17,34.46,-0.22
-2024,33,-163,-103,-3331,2711,-123.21,9.67,-13.62,-1.03,-33.31,27.11,-23.52,-27.07,-22.18,90.83,31.15,1.39
-2113,65,-180,-73,-3400,2572,-123.78,9.10,-13.35,-0.73,-34.00,25.72,-24.00,-27.04,-22.12,103.64,25.18,3.10
-2115,63,-180,-61,-3425,2526,-124.30,8.58,-13.11,-0.61,-34.25,25.26,-24.48,-27.02,-22.05,103.27,24.47,3.35
-2018,50,-167,-43,-3522,2381,-124.18,8.02,-12.82,-0.43,-35.22,23.81,-24.96,-27.00,-21.99,89.03,25.40,2.55
-1784,42,-132,-62,-3561,2303,-122.64,7.48,-12.34,-0.62,-35.61,23.03,-25.44,-26.99,-21.94,56.56,25.57,0.09
-1683,44,-120,-58,-3594,2283,-120.65,7.00,-11.84,-0.58,-35.94,22.83,-25.91,-26.97,-21.88,45.26,24.35,-0.40
-1341,52,-134,-123,-3665,2251,-116.76,6.62,-11.48,-1.23,-36.65,22.51,-26.37,-26.96,-21.83,0.76,22.39,1.17
-1174,65,-161,-162,-3676,2281,-112.25,6.35,-11.31,-1.62,-36.76,22.81,-26.81,-26.94,-21.78,-15.87,19.90,3.62
-853,69,-259,-241,-3671,2319,-106.23,6.14,-11.76,-2.41,-36.71,23.19,-27.22,-26.93,-21.73,-53.14,18.87,11.45
-781,64,-289,-268,-3653,2359,-100.37,5.91,-12.35,-2.68,-36.53,23.59,-27.61,-26.92,-21.67,-52.77,19.21,13.36
-602,-58,-419,-279,-3604,2346,-94.00,4.97,-13.67,-2.79,-36.04,23.46,-27.97,-26.92,-21.61,-67.77,36.02,22.97
-564,-141,-466,-261,-3592,2275,-88.04,3.61,-15.14,-2.61,-35.92,22.75,-28.31,-26.92,-21.55,-62.06,46.11,25.39
-422,-592,-682,-298,-3512,2127,-81.81,-0.36,-17.79,-2.98,-35.12,21.27,-28.62,-26.94,-21.49,-71.71,107.38,40.88
-176,-973,-959,-361,-3479,2073,-74.70,-6.26,-21.86,-3.61,-34.79,20.73,-28.90,-26.99,-21.43,-95.58,154.34,60.03
-81,-1028,-1044,-404,-3471,2115,-67.73,-11.90,-26.04,-4.04,-34.71,21.15,-29.15,-27.07,-21.36,-96.68,152.09,62.80
606,-966,-1397,-520,-3481,1963,-57.26,-16.61,-31.96,-5.20,-34.81,19.63,-29.36,-27.18,-21.27,-181.49,133.80,86.43
1279,-1013,-1755,-433,-3464,2118,-43.73,-21.13,-39.47,-4.33,-34.64,21.18,-29.50,-27.32,-21.17,-258.41,132.50,108.80
1506,-1028,-1882,-466,-3433,2197,-30.17,-25.28,-47.00,-4.66,-34.33,21.97,-29.57,-27.49,-21.05,-267.29,127.02,111.57
2174,-839,-2060,-504,-3388,2213,-13.89,-27.87,-54.87,-5.04,-33.88,22.13,-29.57,-27.68,-20.90,-338.33,93.42,118.31
2916,-643,-2148,-376,-3347,2296,5.28,-29.01,-62.48,-3.76,-33.47,22.96,-29.48,-27.89,-20.73,-415.23,61.52,117.68
3090,-595,-2161,-376,-3300,2306,23.60,-29.74,-69.42,-3.76,-33.00,23.06,-29.30,-28.11,-20.53,-407.18,52.97,111.43
3586,-429,-2182,-518,-3198,2598,43.12,-29.38,-75.79,-5.18,-31.98,25.98,-29.03,-28.35,-20.30,-446.04,28.49,106.44
3782,-307,-2220,-61,-3107,2733,61.88,-28.31,-81.75,-0.61,-31.07,27.33,-28.67,-28.59,-20.04,-440.64,12.06,103.32
3796,-315,-2227,-74,-3103,2671,78.84,-27.40,-87.16,-0.74,-31.03,26.71,-28.22,-28.84,-19.76,-410.93,15.17,98.16
4166,-46,-2225,-1474,-2944,2869,96.37,-24.95,-92.02,-14.74,-29.44,28.69,-27.69,-29.08,-19.44,-434.51,-21.04,92.82
4212,208,-2251,-1154,-2915,3132,112.43,-21.18,-96.55,-11.54,-29.15,31.32,-27.08,-29.32,-19.10,-411.52,-52.49,90.20
4113,233,-2259,-1002,-2868,3190,126.28,-17.64,-100.67,-10.02,-28.68,31.90,-26.40,-29.55,-18.72,-370.65,-49.44,86.47
3507,272,-2137,-1264,-2528,3502,135.04,-14.22,-103.64,-12.64,-25.28,35.02,-25.66,-29.77,-18.33,-262.11,-48.77,72.96
3330,288,-2066,-1142,-2539,3547,141.85,-11.04,-105.88,-11.42,-25.39,35.47,-24.89,-29.97,-17.91,-222.73,-45.05,64.53
2741,289,-1779,-1007,-2543,3658,144.38,-8.17,-106.14,-10.07,-25.43,36.58,-24.10,-30.16,-17.48,-128.63,-39.65,39.90
2290,227,-1433,-1141,-2630,3721,143.92,-5.97,-104.27,-11.41,-26.30,37.21,-23.31,-30.33,-17.05,-61.26,-25.91,12.53
2208,191,-1337,-1153,-2622,3707,142.99,-4.21,-102.00,-11.53,-26.22,37.07,-22.53,-30.49,-16.63,-51.02,-16.98,6.77
2010,-9,-910,-1065,-2450,3646,140.95,-3.84,-97.35,-10.65,-24.50,36.46,-21.76,-30.64,-16.22,-25.19,14.31,-24.53
1925,-137,-402,-968,-2180,3646,138.60,-4.29,-90.07,-9.68,-21.80,36.46,-21.02,-30.77,-15.84,-17.18,33.06,-59.89
1905,-147,-264,-955,-2116,3624,136.36,-4.76,-82.67,-9.55,-21.16,36.24,-20.30,-30.89,-15.49,-18.85,33.78,-63.78
1810,-178,205,-978,-1843,3404,133.77,-5.37,-73.15,-9.78,-18.43,34.04,-19.60,-30.99,-15.18,-9.73,37.42,-93.46
1783,-191,309,-982,-1784,3315,131.27,-6.00,-63.95,-9.82,-17.84,33.15,-18.94,-31.08,-14.91,-10.79,38.28,-92.56
1651,-205,598,-878,-1553,3021,128.21,-6.65,-53.91,-8.78,-15.53,30.21,-18.31,-31.16,-14.68,3.14,39.23,-106.43
1618,-181,632,-903,-1495,2974,125.26,-7.09,-44.66,-9.03,-14.95,29.74,-17.72,-31.22,-14.49,2.19,34.78,-99.53
1515,61,724,-1129,-1301,2978,121.97,-6.01,-35.78,-11.29,-13.01,29.78,-17.16,-31.27,-14.34,11.31,-0.04,-97.94
1499,178,736,-1219,-1275,3012,118.92,-4.32,-27.71,-12.19,-12.75,30.12,-16.62,-31.31,-14.23,7.61,-14.67,-90.42
1265,626,736,-1537,-1175,3219,114.75,-0.07,-20.45,-15.37,-11.75,32.19,-16.12,-31.31,-14.13,35.05,-74.93,-82.74
839,1020,594,-1344,-1055,3254,108.39,6.16,-14.78,-13.44,-10.55,32.54,-15.64,-31.29,-14.06,87.67,-123.23,-64.71
771,1106,605,-1328,-1124,3186,102.25,12.29,-9.61,-13.28,-11.24,31.86,-15.21,-31.24,-14.00,86.13,-124.77,-60.18
517,1199,552,-1184,-989,3203,95.18,18.37,-5.29,-11.84,-9.89,32.03,-14.80,-31.16,-13.96,111.20,-127.48,-51.11
427,1199,529,-1157,-893,3302,88.27,23.85,-1.53,-11.57,-8.93,33.02,-14.43,-31.05,-13.92,111.59,-117.18,-45.19
77,1288,509,-1328,-720,3511,79.91,29.32,1.73,-13.28,-7.20,35.11,-14.10,-30.92,-13.90,148.91,-120.48,-40.04
-93,1338,513,-1468,-708,3598,71.35,34.55,4.68,-14.68,-7.08,35.98,-13.80,-30.76,-13.88,158.43,-118.30,-37.25
-398,1383,512,-1584,-809,3635,61.79,39.53,7.34,-15.84,-8.09,36.35,-13.55,-30.59,-13.87,186.67,-115.84,-34.36
-451,1360,499,-1543,-851,3579,52.86,43.88,9.65,-15.43,-8.51,35.79,-13.34,-30.39,-13.86,177.69,-104.24,-30.81
-563,1206,417,-1517,-945,3620,44.14,46.84,11.23,-15.17,-9.45,36.20,-13.16,-30.18,-13.86,178.14,-75.27,-22.19
-562,1167,399,-1541,-945,3582,36.30,49.28,12.54,-15.41,-9.45,35.82,-13.02,-29.96,-13.87,163.04,-64.86,-19.28
-382,1140,396,-1599,-932,3608,30.34,51.31,13.70,-15.99,-9.32,36.08,-12.90,-29.74,-13.88,124.23,-57.05,-17.79
-127,1173,444,-1716,-924,3649,26.53,53.33,15.04,-17.16,-9.24,36.49,-12.80,-29.50,-13.89,78.06,-58.41,-20.44
-43,1191,456,-1757,-927,3658,23.61,55.26,16.32,-17.57,-9.27,36.58,-12.72,-29.25,-13.91,59.67,-57.65,-20.10
99,1108,436,-1723,-870,3720,21.86,56.49,17.34,-17.23,-8.70,37.20,-12.64,-29.00,-13.93,34.64,-42.83,-17.32
126,1072,425,-1769,-871,3736,20.44,57.38,18.20,-17.69,-8.71,37.36,-12.57,-28.74,-13.95,27.79,-35.82,-15.48
353,978,342,-1955,-872,3668,20.55,57.61,18.47,-19.55,-8.72,36.68,-12.50,-28.49,-13.98,-6.66,-21.23,-8.16
407,937,337,-1973,-841,3637,20.98,57.57,18.68,-19.73,-8.41,36.37,-12.43,-28.23,-14.01,-14.14,-15.23,-7.51
675,801,260,-1822,-712,3578,23.00,56.70,18.40,-18.22,-7.12,35.78,-12.35,-27.98,-14.03,-51.23,3.69,-1.29
729,762,228,-1772,-692,3607,25.14,55.67,17.95,-17.72,-6.92,36.07,-12.26,-27.73,-14.06,-55.46,7.54,0.95
931,608,98,-1791,-686,3370,28.31,53.82,16.75,-17.91,-6.86,33.70,-12.16,-27.49,-14.08,-80.34,27.35,10.70
967,528,46,-1820,-720,3375,31.38,51.65,15.36,-18.20,-7.20,33.75,-12.04,-27.26,-14.10,-80.10,35.30,13.63
956,313,-118,-1958,-874,3274,34.07,48.40,13.10,-19.58,-8.74,32.74,-11.91,-27.04,-14.11,-73.40,61.78,25.14
945,290,-152,-1965,-906,3259,36.43,45.33,10.86,-19.65,-9.06,32.59,-11.77,-26.84,-14.12,-67.35,59.34,25.65
877,268,-209,-2000,-1057,3095,38.13,42.43,8.50,-20.00,-10.57,30.95,-11.62,-26.65,-14.12,-53.85,57.08,27.98
859,290,-199,-2009,-1073,3109,39.56,39.96,6.44,-20.09,-10.73,31.09,-11.46,-26.47,-14.11,-48.51,48.92,24.95
717,470,-46,-2035,-1123,3169,39.98,38.83,5.51,-20.35,-11.23,31.69,-11.30,-26.30,-14.10,-26.17,19.22,11.00
669,514,4,-2021,-1111,3207,40.06,38.08,4.99,-20.21,-11.11,32.07,-11.13,-26.13,-14.09,-18.80,10.98,6.21
444,581,248,-2110,-1204,3274,38.76,37.82,6.00,-21.10,-12.04,32.74,-10.98,-25.96,-14.09,12.95,0.15,-13.39
379,573,323,-2115,-1177,3299,37.20,37.53,7.37,-21.15,-11.77,32.99,-10.83,-25.79,-14.09,19.81,0.72,-18.29
59,444,654,-2061,-992,3235,33.84,36.49,10.62,-20.61,-9.92,32.35,-10.71,-25.62,-14.11,62.16,18.30,-42.89
-72,396,754,-2040,-1030,3236,30.02,35.25,14.16,-20.40,-10.30,32.36,-10.60,-25.45,-14.14,74.83,23.18,-47.61
-457,284,941,-2119,-1019,3072,24.23,33.46,18.48,-21.19,-10.19,30.72,-10.53,-25.29,-14.19,122.53,36.75,-58.87
-543,286,975,-2168,-994,3102,18.49,31.86,22.58,-21.68,-9.94,31.02,-10.49,-25.13,-14.27,124.75,33.31,-57.41
-702,555,1040,-2426,-1021,3211,12.36,32.06,26.67,-24.26,-10.21,32.11,-10.48,-24.97,-14.36,137.38,-7.44,-58.58
-706,675,1034,-2503,-1046,3295,6.82,32.97,30.31,-25.03,-10.46,32.95,-10.50,-24.80,-14.46,127.51,-24.12,-54.21
-965,1036,985,-2577,-1162,3758,0.25,35.99,33.29,-25.77,-11.62,37.58,-10.55,-24.62,-14.58,154.60,-73.57,-46.89
-1126,1020,969,-2532,-1216,3834,-6.64,38.61,35.87,-25.32,-12.16,38.34,-10.63,-24.43,-14.71,166.15,-66.29,-42.79
-1314,952,904,-2548,-1418,3531,-13.99,40.56,37.80,-25.48,-14.18,35.31,-10.74,-24.22,-14.84,180.97,-52.37,-35.23
-1116,581,939,-2422,-1531,3869,-19.40,40.05,39.74,-24.22,-15.31,38.69,-10.88,-24.02,-14.98,140.62,3.10,-36.12
-1104,449,968,-2434,-1544,3944,-24.20,38.78,41.68,-24.34,-15.44,39.44,-11.04,-23.82,-15.12,129.82,20.70,-36.52
-1008,42,1217,-2463,-1508,3993,-27.93,35.16,44.93,-24.63,-15.08,39.93,-11.22,-23.63,-15.29,108.23,75.78,-54.15
-1000,-81,1329,-2475,-1483,4055,-31.23,31.15,48.55,-24.75,-14.83,40.55,-11.42,-23.45,-15.47,100.88,86.83,-59.80
-912,-345,1627,-2510,-1481,4051,-33.67,25.93,53.62,-25.10,-14.81,40.51,-11.64,-23.29,-15.68,82.99,117.10,-79.66
-780,-690,1735,-2377,-1458,3841,-35.06,19.13,58.84,-23.77,-14.58,38.41,-11.88,-23.15,-15.91,60.38,156.73,-83.26
-740,-808,1727,-2330,-1472,3793,-36.07,12.29,63.49,-23.30,-14.72,37.93,-12.13,-23.03,-16.17,52.53,161.69,-77.63
-491,-1275,1599,-2227,-1698,3448,-35.46,3.28,66.89,-22.27,-16.98,34.48,-12.38,-22.95,-16.46,15.89,215.80,-63.16
-418,-1350,1568,-2211,-1787,3365,-34.46,-5.28,69.77,-22.11,-17.87,33.65,-12.64,-22.89,-16.76,6.81,210.98,-57.46
-121,-1460,1586,-2115,-2027,3133,-31.76,-13.66,72.47,-21.15,-20.27,31.33,-12.90,-22.86,-17.08,-33.18,211.87,-56.10
142,-1217,1729,-2121,-2296,3107,-27.71,-19.72,75.77,-21.21,-22.96,31.07,-13.15,-22.86,-17.42,-65.46,163.33,-64.69
179,-1122,1786,-2072,-2144,3181,-23.85,-24.59,79.08,-20.72,-21.44,31.81,-13.39,-22.86,-17.79,-63.63,139.62,-65.97
-62,-897,2087,-1963,-1914,3354,-21.84,-27.60,83.91,-19.63,-19.14,33.54,-13.63,-22.87,-18.17,-22.92,99.61,-86.33
-513,-858,2346,-1789,-1997,3285,-22.79,-30.08,89.83,-17.89,-19.97,32.85,-13.89,-22.89,-18.58,44.24,88.99,-101.97
-585,-851,2399,-1747,-1984,3253,-24.08,-32.26,95.48,-17.47,-19.84,32.53,-14.16,-22.91,-19.02,52.96,83.80,-100.44
-330,-656,2521,-1664,-1959,3086,-23.68,-33.04,101.31,-16.64,-19.59,30.86,-14.45,-22.92,-19.49,15.00,52.60,-104.56
-174,-704,2490,-1537,-1811,3454,-22.38,-34.03,106.37,-15.37,-18.11,34.54,-14.73,-22.93,-19.97,-6.12,58.05,-96.53
-167,-783,2453,-1470,-1652,3383,-21.16,-35.40,110.69,-14.70,-16.52,33.83,-15.02,-22.93,-20.48,-4.69,67.50,-88.77
-196,-951,2326,-1375,-1282,3449,-20.24,-37.66,113.81,-13.75,-12.82,34.49,-15.30,-22.94,-21.00,1.66,88.84,-74.66
-194,-976,2281,-1339,-1225,3394,-19.40,-39.85,116.35,-13.39,-12.25,33.94,-15.59,-22.95,-21.53,3.14,88.52,-68.12
41,-1003,2004,-1253,-1391,3308,-17.21,-41.98,116.94,-12.53,-13.91,33.08,-15.87,-22.97,-22.07,-28.37,88.61,-43.98
742,-843,1490,-1114,-1848,3404,-10.96,-42.93,114.33,-11.14,-18.48,34.04,-16.13,-22.99,-22.60,-123.27,62.43,-3.14
792,-908,1300,-1108,-1699,3678,-5.03,-44.17,110.83,-11.08,-16.99,36.78,-16.35,-23.02,-23.12,-119.52,70.00,9.30
995,-1021,616,-1045,-1356,3648,1.54,-45.98,103.50,-10.45,-13.56,36.48,-16.54,-23.07,-23.61,-137.90,83.83,59.53
1557,-1070,56,-862,-1380,3608,10.88,-47.91,93.49,-8.62,-13.80,36.08,-16.68,-23.13,-24.06,-205.82,87.69,96.42
1662,-1101,-71,-832,-1409,3618,19.93,-49.84,83.71,-8.32,-14.09,36.18,-16.76,-23.20,-24.47,-204.64,88.83,96.86
1733,-1308,-430,-691,-1685,3593,28.51,-52.83,72.72,-6.91,-16.85,35.93,-16.80,-23.30,-24.85,-199.20,114.79,115.67
1749,-1349,-517,-633,-1814,3557,36.33,-55.78,62.29,-6.33,-18.14,35.57,-16.79,-23.43,-25.18,-186.83,115.54,112.03
2175,-1199,-659,-480,-1984,3401,45.96,-57.51,52.04,-4.80,-19.84,34.01,-16.73,-23.57,-25.47,-233.59,89.47,113.23
2093,-1129,-650,-358,-2106,3369,54.13,-58.65,42.87,-3.58,-21.06,33.69,-16.62,-23.73,-25.73,-205.68,76.75,102.78
2063,-1094,-602,-444,-2036,3390,61.31,-59.46,34.91,-4.44,-20.36,33.90,-16.48,-23.91,-25.95,-187.62,70.00,90.31
1832,-983,-504,-304,-1919,3519,66.35,-59.51,28.35,-3.04,-19.19,35.19,-16.30,-24.09,-26.15,-142.96,53.10,75.07
1777,-944,-457,-292,-1932,3502,70.55,-59.32,22.73,-2.92,-19.32,35.02,-16.09,-24.27,-26.32,-126.74,47.64,65.15
1579,-868,-258,-255,-1898,3602,73.13,-58.68,18.88,-2.55,-18.98,36.02,-15.87,-24.46,-26.47,-91.81,37.38,44.23
1528,-836,-85,-158,-1671,3551,75.14,-57.91,16.47,-1.58,-16.71,35.51,-15.63,-24.65,-26.61,-80.39,34.08,27.04
1550,-834,-55,-161,-1581,3528,77.08,-57.21,14.49,-1.61,-15.81,35.28,-15.38,-24.84,-26.75,-80.23,35.23,22.41
1802,-738,-25,-177,-1337,3570,80.36,-55.99,12.89,-1.77,-13.37,35.70,-15.12,-25.02,-26.87,-112.62,23.02,18.18
1960,-673,-61,-222,-1265,3626,84.28,-54.49,11.23,-2.22,-12.65,36.26,-14.83,-25.21,-26.98,-129.48,16.06,19.48
2185,-536,-202,-254,-1153,3969,89.18,-52.31,8.87,-2.54,-11.53,39.69,-14.51,-25.38,-27.08,-154.72,-0.59,28.95
2186,-534,-243,-224,-1135,4027,93.60,-50.34,6.50,-2.24,-11.35,40.27,-14.18,-25.55,-27.16,-146.73,2.96,29.92
2082,-657,-367,-103,-1090,4022,96.94,-49.31,3.61,-1.03,-10.90,40.22,-13.82,-25.73,-27.23,-124.78,23.77,37.37
2101,-680,-383,-82,-1064,4007,100.06,-48.53,0.92,-0.82,-10.64,40.07,-13.44,-25.90,-27.28,-122.01,28.87,35.87
2552,-667,-370,68,-894,3813,105.62,-47.75,-1.43,0.68,-8.94,38.13,-13.04,-26.07,-27.33,-180.52,28.49,32.29
2681,-695,-314,32,-717,3792,111.42,-47.21,-3.20,0.32,-7.17,37.92,-12.61,-26.24,-27.36,-189.51,33.89,25.67
2707,-671,-301,38,-676,3801,116.79,-46.58,-4.72,0.38,-6.76,38.01,-12.15,-26.41,-27.38,-183.61,31.53,22.97
2738,-626,-268,158,-558,3638,121.81,-45.74,-5.88,1.58,-5.58,36.38,-11.67,-26.57,-27.40,-179.14,26.37,18.94
2758,-606,-266,191,-529,3623,126.45,-44.87,-6.92,1.91,-5.29,36.23,-11.16,-26.74,-27.40,-173.73,25.09,17.68
2820,-543,-251,240,-356,3564,131.01,-43.69,-7.76,2.40,-3.56,35.64,-10.63,-26.90,-27.41,-174.90,17.81,15.52
2837,-513,-240,241,-317,3588,135.21,-42.45,-8.44,2.41,-3.17,35.88,-10.09,-27.06,-27.40,-169.89,15.69,13.86
2829,-401,-158,251,-18,3578,138.95,-40.65,-8.56,2.51,-0.18,35.78,-9.52,-27.21,-27.39,-161.97,2.12,6.78
2818,-379,-118,254,112,3540,142.24,-38.90,-8.43,2.54,1.12,35.40,-8.94,-27.35,-27.38,-154.43,2.18,3.54
2766,-359,3,320,590,3353,144.89,-37.20,-7.57,3.20,5.90,33.53,-8.34,-27.49,-27.36,-141.88,2.44,-5.80
2757,-345,47,368,866,3303,147.22,-35.58,-6.52,3.68,8.66,33.03,-7.74,-27.63,-27.35,-136.50,3.45,-8.43
2956,-48,-178,212,250,3272,150.53,-32.32,-6.96,2.12,2.50,32.72,-7.12,-27.74,-27.33,-160.99,-35.58,10.17
3050,92,-206,263,521,3281,154.08,-28.53,-7.52,2.63,5.21,32.81,-6.48,-27.85,-27.31,-169.01,-49.68,11.95
2811,306,-475,271,816,3688,155.82,-23.81,-9.66,2.71,8.16,36.88,-5.83,-27.93,-27.27,-129.70,-73.32,32.47
2601,283,-545,278,810,3715,156.11,-19.70,-12.02,2.78,8.10,37.15,-5.18,-28.00,-27.22,-97.57,-61.98,35.89
2119,340,-594,222,813,3425,153.42,-15.66,-14.44,2.22,8.13,34.25,-4.52,-28.06,-27.16,-29.58,-62.98,37.48
2189,340,-545,210,778,3348,151.43,-12.02,-16.32,2.10,7.78,33.48,-3.87,-28.10,-27.08,-44.46,-56.06,31.33
2095,122,-277,253,851,3599,149.07,-10.07,-16.38,2.53,8.51,35.99,-3.23,-28.13,-27.00,-35.02,-19.11,8.55
1990,30,-199,236,923,3674,146.30,-8.88,-15.96,2.36,9.23,36.74,-2.60,-28.15,-26.93,-24.67,-2.81,2.39
1697,-121,18,186,1223,3440,142.02,-8.73,-14.25,1.86,12.23,34.40,-1.99,-28.18,-26.86,11.51,20.52,-14.20
1590,-164,66,211,1288,3440,137.52,-8.86,-12.42,2.11,12.88,34.40,-1.40,-28.20,-26.80,18.91,26.85,-16.33
1466,-123,177,155,1520,3107,132.71,-8.72,-10.10,1.55,15.20,31.07,-0.83,-28.23,-26.75,28.34,20.87,-23.28
1502,-68,180,151,1575,3109,128.60,-8.26,-7.99,1.51,15.75,31.09,-0.29,-28.25,-26.70,14.70,13.36,-21.31
1749,223,132,98,1773,3088,126.41,-6.08,-6.39,0.98,17.73,30.88,0.25,-28.26,-26.67,-27.47,-26.86,-15.55
1764,272,110,91,1801,3195,124.53,-3.81,-5.08,0.91,18.01,31.95,0.77,-28.27,-26.64,-33.66,-30.04,-12.30
1345,216,69,67,1933,3322,120.28,-2.11,-4.15,0.67,19.33,33.22,1.28,-28.27,-26.61,21.86,-18.28,-7.85
1250,193,79,85,1967,3365,115.88,-0.72,-3.25,0.85,19.67,33.65,1.76,-28.26,-26.59,27.68,-12.15,-7.74
1047,118,130,87,2028,3177,110.68,0.07,-2.13,0.87,20.28,31.77,2.23,-28.25,-26.57,48.48,0.78,-10.88
1120,175,145,120,2079,3110,106.44,1.13,-1.04,1.20,20.79,31.10,2.67,-28.23,-26.56,29.04,-5.92,-10.99
1314,219,169,80,2178,3127,103.81,2.35,0.10,0.80,21.78,31.27,3.10,-28.21,-26.55,-5.81,-10.32,-11.82
1309,231,158,44,2196,3145,101.42,3.53,1.05,0.44,21.96,31.45,3.52,-28.19,-26.55,-9.87,-9.95,-9.88
1212,290,104,-41,2290,3179,98.67,4.94,1.58,-0.41,22.90,31.79,3.93,-28.16,-26.55,-0.55,-16.28,-4.75
1192,313,87,-34,2288,3186,96.07,6.36,1.95,-0.34,22.88,31.86,4.32,-28.12,-26.55,-2.67,-17.13,-2.91
1078,299,11,-5,2238,3202,93.04,7.55,1.83,-0.05,22.38,32.02,4.71,-28.08,-26.56,8.72,-12.77,3.39
1048,290,-5,-11,2231,3216,90.13,8.56,1.61,-0.11,22.31,32.16,5.08,-28.04,-26.56,7.53,-9.51,4.52
949,229,-18,-27,2230,3288,86.91,9.10,1.34,-0.27,22.30,32.88,5.43,-27.99,-26.56,16.29,0.79,5.34
759,133,-2,-21,2217,3219,82.84,9.00,1.19,-0.21,22.17,32.19,5.78,-27.94,-26.57,37.35,15.21,3.83
683,91,4,-17,2207,3200,78.73,8.66,1.10,-0.17,22.07,32.00,6.10,-27.90,-26.57,40.92,20.93,3.22
401,-12,14,-27,2253,2987,73.30,7.72,1.08,-0.27,22.53,29.87,6.41,-27.86,-26.57,73.45,34.83,2.34
303,-38,15,-19,2284,2909,67.82,6.71,1.06,-0.19,22.84,29.09,6.69,-27.82,-26.57,77.82,36.87,2.24
-75,-31,16,-17,2226,2720,60.58,5.85,1.05,-0.17,22.26,27.20,6.95,-27.79,-26.57,121.59,34.15,2.15
-191,2,-3,-15,2215,2699,53.36,5.28,0.93,-0.15,22.15,26.99,7.17,-27.75,-26.57,125.45,28.01,3.63
-654,227,-80,-47,2340,2582,44.03,6.14,0.35,-0.47,23.40,25.82,7.36,-27.72,-26.57,178.27,-4.70,9.54
-792,288,-97,-55,2333,2593,34.80,7.28,-0.28,-0.55,23.33,25.93,7.52,-27.68,-26.56,181.72,-11.86,10.31
-1391,515,-160,-125,2339,2838,22.83,9.69,-1.23,-1.25,23.39,28.38,7.62,-27.63,-26.56,250.34,-41.94,14.65
-1708,591,-175,-177,2277,2927,10.13,12.33,-2.17,-1.77,22.77,29.27,7.68,-27.57,-26.55,274.59,-48.58,14.92
-2368,629,-225,-197,2166,3120,-5.33,14.93,-3.33,-1.97,21.66,31.20,7.68,-27.49,-26.53,345.96,-49.49,17.93
-2532,619,-243,-188,2137,3162,-20.24,17.22,-4.48,-1.88,21.37,31.62,7.61,-27.41,-26.52,342.77,-43.70,18.23
-3112,529,-340,-208,2030,3239,-37.20,18.72,-6.10,-2.08,20.30,32.39,7.49,-27.32,-26.50,399.18,-27.18,24.73
-3263,496,-371,-212,1997,3234,-53.38,19.87,-7.76,-2.12,19.97,32.34,7.30,-27.22,-26.47,391.68,-20.03,25.60
-3773,391,-520,-83,1747,3142,-71.06,20.27,-10.15,-0.83,17.47,31.42,7.04,-27.13,-26.43,436.15,-3.33,35.68
-3875,373,-571,-63,1683,3120,-87.59,20.52,-12.62,-0.63,16.83,31.20,6.72,-27.02,-26.38,420.60,-0.18,37.39
-3979,535,-753,-143,1522,3225,-103.10,21.73,-15.95,-1.43,15.22,32.25,6.35,-26.92,-26.31,407.33,-22.66,49.27
-3911,630,-784,-187,1449,3248,-116.65,23.40,-19.14,-1.87,14.49,32.48,5.93,-26.80,-26.23,371.58,-34.06,48.52
-3814,764,-895,-170,1043,3880,-128.25,25.72,-22.68,-1.70,10.43,38.80,5.46,-26.67,-26.14,335.12,-50.19,54.16
-3930,785,-954,-172,824,3917,-139.40,27.94,-26.24,-1.72,8.24,39.17,4.95,-26.54,-26.03,332.03,-49.28,55.39
-4123,649,-965,-191,518,3939,-150.61,29.10,-29.50,-1.91,5.18,39.39,4.41,-26.39,-25.91,340.59,-26.43,52.85
-4140,618,-937,-164,447,3933,-160.80,29.96,-32.26,-1.64,4.47,39.33,3.82,-26.25,-25.78,324.27,-20.17,47.54
-3918,556,-767,-143,115,3739,-168.62,30.36,-33.72,-1.43,1.15,37.39,3.21,-26.10,-25.63,276.01,-10.06,31.59
-3837,488,-706,-119,113,3669,-175.17,30.30,-34.65,-1.19,1.13,36.69,2.57,-25.96,-25.49,251.68,0.10,25.42
-3718,295,-448,-124,-50,4035,-180.33,29.07,-33.92,-1.24,-0.50,40.35,1.91,-25.82,-25.34,224.19,27.11,4.32
-3732,226,-387,-119,-105,3957,-185.06,27.54,-32.89,-1.19,-1.05,39.57,1.23,-25.69,-25.20,217.81,34.65,0.23
-3615,96,-223,-185,-424,3977,-188.61,25.37,-30.96,-1.85,-4.24,39.77,0.53,-25.57,-25.07,193.72,50.29,-11.63
-3600,68,-202,-207,-508,3977,-191.71,23.25,-29.10,-2.07,-5.08,39.77,-0.19,-25.46,-24.94,186.03,50.47,-11.45
-3502,37,-126,-275,-680,3919,-193.90,21.15,-26.95,-2.75,-6.80,39.19,-0.92,-25.36,-24.82,167.42,51.15,-15.63
-3501,6,-77,-273,-756,3901,-195.86,19.07,-24.73,-2.73,-7.56,39.01,-1.66,-25.27,-24.71,164.03,51.89,-17.44
-3585,-61,13,-276,-989,3912,-198.15,16.79,-22.18,-2.76,-9.89,39.12,-2.41,-25.19,-24.62,173.02,57.73,-22.37
-3643,-76,29,-242,-1042,3915,-200.55,14.65,-19.78,-2.42,-10.42,39.15,-3.19,-25.12,-24.53,177.81,55.92,-21.20
-3926,-149,98,-154,-1225,3774,-204.45,12.28,-17.21,-1.54,-12.25,37.74,-3.98,-25.06,-24.45,214.12,62.51,-24.32
-4002,-170,119,-121,-1274,3726,-208.41,10.01,-14.76,-1.21,-12.74,37.26,-4.79,-25.01,-24.39,218.73,61.39,-23.52
-4229,-204,405,-78,-1877,3578,-213.37,7.77,-10.81,-0.78,-18.77,35.78,-5.64,-24.97,-24.35,244.52,62.30,-43.57
-4165,-34,235,-261,-1688,3303,-217.44,6.78,-8.30,-2.61,-16.88,33.03,-6.50,-24.93,-24.31,227.63,34.49,-26.51
-4110,19,264,-169,-1840,3337,-220.77,6.22,-5.86,-1.69,-18.40,33.37,-7.39,-24.90,-24.29,213.52,25.32,-26.38
-3836,285,294,-213,-2347,3252,-222.09,7.34,-3.48,-2.13,-23.47,32.52,-8.28,-24.86,-24.27,169.82,-13.16,-26.41
-3800,338,295,-206,-2387,3277,-223.06,8.66,-1.33,-2.06,-23.87,32.77,-9.19,-24.82,-24.27,163.09,-18.76,-24.22
-3795,439,319,-255,-2520,3378,-223.90,10.48,0.75,-2.55,-25.20,33.78,-10.09,-24.76,-24.27,161.33,-30.76,-24.05
-3823,435,329,-227,-2543,3376,-224.83,12.08,2.68,-2.27,-25.43,33.76,-11.01,-24.70,-24.28,164.44,-27.15,-22.85
-3509,524,416,-193,-2699,2943,-223.76,14.07,4.95,-1.93,-26.99,29.43,-11.92,-24.63,-24.29,119.20,-37.01,-27.82
-3432,502,439,-152,-2788,3061,-222.32,15.73,7.13,-1.52,-27.88,30.61,-12.83,-24.55,-24.32,110.79,-30.57,-27.45
-3265,373,462,-246,-3101,2930,-220.00,16.43,9.24,-2.46,-31.01,29.30,-13.74,-24.47,-24.34,90.30,-9.62,-27.17
-3135,358,398,-346,-3226,2920,-217.12,16.97,10.74,-3.46,-32.26,29.20,-14.64,-24.38,-24.38,76.52,-6.37,-20.15
-3110,377,409,-317,-3020,2861,-214.38,17.57,12.16,-3.17,-30.20,28.61,-15.52,-24.29,-24.42,78.48,-8.18,-19.58
-3016,453,510,-248,-3312,2704,-211.34,18.58,14.06,-2.48,-33.12,27.04,-16.40,-24.19,-24.46,70.48,-17.93,-26.12
-2974,469,521,-275,-3369,2626,-208.35,19.58,15.83,-2.75,-33.69,26.26,-17.27,-24.09,-24.51,70.32,-18.54,-25.17
-2717,507,508,-347,-3597,2574,-204.09,20.72,17.35,-3.47,-35.97,25.74,-18.12,-23.98,-24.56,39.76,-22.26,-22.46
-2540,511,474,-407,-3695,2530,-199.17,21.76,18.50,-4.07,-36.95,25.30,-18.95,-23.86,-24.61,22.62,-20.96,-18.35
-2068,412,391,-327,-3808,2445,-191.87,22.10,19.04,-3.27,-38.08,24.45,-19.75,-23.74,-24.67,-35.00,-5.31,-10.75
-1920,362,373,-319,-3850,2392,-184.40,22.10,19.41,-3.19,-38.50,23.92,-20.53,-23.62,-24.72,-42.90,2.24,-8.83
-1338,190,341,-343,-3960,2345,-174.12,21.05,19.55,-3.43,-39.60,23.45,-21.26,-23.51,-24.77,-111.70,26.40,-5.96
-655,135,344,-351,-4127,2285,-160.70,19.76,19.69,-3.51,-41.27,22.85,-21.94,-23.40,-24.83,-190.00,32.29,-6.06
-471,116,348,-334,-4128,2278,-147.50,18.50,19.85,-3.34,-41.28,22.78,-22.56,-23.29,-24.88,-192.65,32.71,-6.23
233,13,419,-185,-3980,2252,-131.33,16.73,20.42,-1.85,-39.80,22.52,-23.13,-23.19,-24.95,-269.01,45.00,-11.63
405,-37,451,-141,-3924,2246,-115.73,14.83,21.13,-1.41,-39.24,22.46,-23.63,-23.09,-25.01,-265.36,48.96,-13.59
1018,-173,528,-176,-3883,2292,-97.95,12.29,22.23,-1.76,-38.83,22.92,-24.07,-23.00,-25.08,-324.87,64.84,-18.93
1529,-211,495,-165,-3794,2334,-78.82,9.77,23.03,-1.65,-37.94,23.34,-24.43,-22.91,-25.16,-366.34,65.81,-15.29
1654,-267,473,-118,-3776,2350,-60.85,7.17,23.61,-1.18,-37.76,23.50,-24.72,-22.84,-25.25,-351.18,69.37,-12.80
1989,-309,395,-92,-3727,2322,-42.63,4.57,23.66,-0.92,-37.27,23.22,-24.94,-22.77,-25.34,-367.61,70.80,-6.13
2101,-301,383,-50,-3666,2334,-25.56,2.27,23.63,-0.50,-36.66,23.34,-25.09,-22.72,-25.44,-352.24,65.20,-5.14
2624,-211,404,46,-3451,2315,-6.99,0.76,23.73,0.46,-34.51,23.15,-25.17,-22.66,-25.54,-396.79,48.57,-6.80
2728,-210,406,47,-3466,2415,10.35,-0.60,23.84,0.47,-34.66,24.15,-25.18,-22.61,-25.64,-379.80,45.82,-6.85
2935,-257,354,-18,-3449,2664,27.22,-2.11,23.61,-0.18,-34.49,26.64,-25.13,-22.57,-25.74,-379.46,50.10,-2.67
2975,-267,345,6,-3419,2706,42.64,-3.52,23.35,0.06,-34.19,27.06,-25.01,-22.53,-25.84,-356.42,48.91,-2.17
2942,-335,389,72,-3396,2818,56.32,-5.22,23.39,0.72,-33.96,28.18,-24.84,-22.50,-25.95,-325.58,56.06,-5.85
2902,-350,424,98,-3394,2828,68.39,-6.83,23.64,0.98,-33.94,28.28,-24.62,-22.48,-26.06,-296.77,55.28,-8.55
2592,-480,628,217,-3391,2842,77.37,-9.07,25.11,2.17,-33.91,28.42,-24.37,-22.46,-26.18,-232.66,70.84,-24.26
2383,-524,744,188,-3383,2891,84.17,-11.36,27.13,1.88,-33.83,28.91,-24.10,-22.44,-26.32,-188.09,73.20,-31.93
1848,-529,1002,138,-3330,3015,87.02,-13.45,30.53,1.38,-33.30,30.15,-23.82,-22.43,-26.47,-101.28,70.00,-50.18
1714,-511,1072,138,-3295,3048,88.77,-15.23,34.02,1.38,-32.95,30.48,-23.55,-22.42,-26.63,-77.71,63.89,-52.40
1282,-461,1334,260,-2994,3077,87.72,-16.51,38.75,2.60,-29.94,30.77,-23.28,-22.41,-26.82,-14.00,53.81,-69.57
1203,-466,1393,304,-2900,3079,86.28,-17.71,43.38,3.04,-29.00,30.79,-23.03,-22.39,-27.03,-4.84,52.31,-69.65
1080,-517,1493,375,-2545,3165,84.24,-19.09,48.15,3.75,-25.45,31.65,-22.79,-22.37,-27.26,9.90,57.46,-73.06
1096,-529,1480,386,-2453,3157,82.50,-20.41,52.36,3.86,-24.53,31.57,-22.56,-22.36,-27.51,4.02,56.78,-67.47
1260,-571,1303,472,-2131,3092,81.94,-21.85,55.07,4.72,-21.31,30.92,-22.35,-22.34,-27.77,-22.21,60.44,-49.58
1426,-505,998,548,-1918,3076,82.44,-22.75,55.65,5.48,-19.18,30.76,-22.13,-22.32,-28.03,-46.71,48.67,-23.10
1462,-476,907,569,-1902,3059,83.12,-23.37,55.62,5.69,-19.02,30.59,-21.91,-22.31,-28.30,-51.07,43.05,-15.40
1586,-320,546,626,-1927,3129,84.48,-22.99,53.39,6.26,-19.27,31.29,-21.68,-22.30,-28.56,-67.55,19.98,12.84
1618,-282,486,644,-1956,3135,85.90,-22.41,51.01,6.44,-19.56,31.35,-21.44,-22.30,-28.80,-69.90,15.28,15.44
1777,-183,382,709,-2079,3267,88.15,-21.29,48.24,7.09,-20.79,32.67,-21.18,-22.29,-29.03,-90.05,2.31,21.33
1837,-168,384,719,-2106,3312,90.54,-20.18,45.76,7.19,-21.06,33.12,-20.92,-22.29,-29.25,-94.85,2.11,18.56
2115,-169,476,735,-2069,3447,94.39,-19.19,44.09,7.35,-20.69,34.47,-20.63,-22.29,-29.47,-130.15,4.13,9.01
2195,-186,518,737,-2013,3474,98.34,-18.41,42.84,7.37,-20.13,34.74,-20.33,-22.28,-29.67,-135.07,8.20,4.15
2490,-270,668,728,-1827,3605,103.70,-18.22,42.63,7.28,-18.27,36.05,-20.00,-22.27,-29.88,-170.13,21.38,-8.76
2571,-293,687,727,-1774,3624,109.01,-18.18,42.56,7.27,-17.74,36.24,-19.64,-22.27,-30.08,-172.65,24.94,-10.43
2928,-378,677,761,-1544,3670,115.97,-18.67,42.43,7.61,-15.44,36.70,-19.26,-22.27,-30.28,-214.16,36.98,-9.70
3042,-393,657,754,-1508,3693,122.93,-19.20,42.20,7.54,-15.08,36.93,-18.85,-22.27,-30.48,-218.64,38.26,-8.24
3550,-454,546,759,-1269,3820,132.29,-20.05,41.31,7.59,-12.69,38.20,-18.40,-22.27,-30.68,-278.68,45.96,0.24
3654,-477,525,754,-1196,3855,141.35,-20.95,40.38,7.54,-11.96,38.55,-17.90,-22.28,-30.87,-277.70,47.76,1.06
3985,-547,460,802,-928,3836,151.52,-22.19,39.15,8.02,-9.28,38.36,-17.36,-22.31,-31.06,-309.27,56.10,5.28
4057,-578,440,835,-866,3798,161.12,-23.50,37.92,8.35,-8.66,37.98,-16.78,-22.34,-31.25,-302.46,58.38,5.68
4144,-685,338,935,-613,3721,170.29,-25.33,36.19,9.35,-6.13,37.21,-16.16,-22.38,-31.42,-298.78,71.26,12.51
4134,-698,320,951,-560,3680,178.47,-27.05,34.52,9.51,-5.60,36.80,-15.50,-22.43,-31.59,-282.18,70.01,12.29
4055,-712,257,1002,-336,3572,185.36,-28.69,32.64,10.02,-3.36,35.72,-14.80,-22.50,-31.76,-257.54,69.09,15.64
3999,-595,221,985,-77,3557,191.22,-29.45,30.72,9.85,-0.77,35.57,-14.09,-22.58,-31.91,-238.38,49.86,16.68
3991,-547,217,1005,32,3555,196.44,-29.84,28.97,10.05,0.32,35.55,-13.34,-22.66,-32.06,-227.76,41.85,15.18
3985,-376,258,953,355,3550,201.11,-29.15,27.65,9.53,3.55,35.50,-12.57,-22.74,-32.20,-218.52,17.13,10.32
3936,-266,298,1037,389,3631,205.01,-27.86,26.70,10.37,3.89,36.31,-11.79,-22.82,-32.33,-204.18,2.86,5.94
3792,-148,328,1009,764,3574,207.64,-25.98,26.03,10.09,7.64,35.74,-10.99,-22.90,-32.45,-177.76,-11.52,2.70
3742,-155,330,1012,756,3553,209.70,-24.32,25.44,10.12,7.56,35.53,-10.19,-22.97,-32.57,-166.76,-7.27,1.91
3572,-215,304,1090,948,3480,210.52,-23.20,24.75,10.90,9.48,34.80,-9.37,-23.04,-32.69,-139.82,4.05,3.40
3517,-238,288,1099,999,3451,210.92,-22.34,24.03,10.99,9.99,34.51,-8.56,-23.11,-32.80,-131.21,9.25,4.00
3374,-228,118,1098,1208,3341,210.41,-21.49,22.35,10.98,12.08,33.41,-7.74,-23.18,-32.90,-110.91,9.36,16.63
3337,-205,101,1046,1289,3335,209.72,-20.59,20.73,10.46,12.89,33.35,-6.92,-23.25,-33.00,-107.11,7.60,16.36
3241,-80,54,987,1603,3177,208.52,-19.02,18.99,9.87,16.03,31.77,-6.10,-23.32,-33.08,-95.28,-8.44,18.51
3227,-44,42,987,1679,3171,207.35,-17.39,17.34,9.87,16.79,31.71,-5.29,-23.38,-33.16,-95.90,-10.80,17.79
3148,54,-24,1032,1834,3069,205.82,-15.32,15.46,10.32,18.34,30.69,-4.47,-23.43,-33.22,-87.29,-21.79,21.40
3094,71,-59,1046,1874,3032,204.11,-13.36,13.56,10.46,18.74,30.32,-3.66,-23.48,-33.28,-82.83,-20.63,22.35
2929,87,-110,1053,1984,2897,201.57,-11.49,11.53,10.53,19.84,28.97,-2.86,-23.52,-33.32,-63.02,-19.50,24.53
2881,92,-110,1039,2021,2838,198.99,-9.78,9.71,10.39,20.21,28.38,-2.06,-23.56,-33.36,-61.11,-17.00,22.60
2712,165,-74,1043,2099,2746,195.63,-7.79,8.28,10.43,20.99,27.46,-1.27,-23.59,-33.39,-42.22,-24.36,18.05
2653,202,-67,1047,2097,2705,192.25,-5.78,7.05,10.47,20.97,27.05,-0.49,-23.61,-33.41,-40.13,-26.18,16.15
2455,336,-27,1103,2130,2605,188.00,-3.15,6.18,11.03,21.30,26.05,0.27,-23.62,-33.43,-18.49,-41.63,11.84
2404,364,-12,1090,2176,2575,183.87,-0.62,5.49,10.90,21.76,25.75,1.01,-23.62,-33.44,-19.04,-41.09,9.84
2230,381,76,1070,2321,2325,179.08,1.77,5.40,10.70,23.21,23.25,1.74,-23.62,-33.46,-2.04,-39.17,2.29
2188,361,105,1060,2403,2209,174.52,3.79,5.50,10.60,24.03,22.09,2.45,-23.60,-33.48,-4.74,-32.29,-0.06
2079,316,258,922,2692,1856,169.75,5.34,6.53,9.22,26.92,18.56,3.13,-23.58,-33.50,2.39,-22.51,-11.93
2146,517,124,1104,2261,1880,165.87,7.96,6.63,11.04,22.61,18.80,3.81,-23.55,-33.52,-15.63,-48.22,-0.47
2173,964,170,945,2577,1783,162.53,13.04,7.00,9.45,25.77,17.83,4.46,-23.51,-33.55,-26.49,-106.79,-3.97
2084,1062,138,938,2670,1716,158.99,18.22,7.15,9.38,26.70,17.16,5.10,-23.44,-33.58,-20.04,-111.98,-1.10
1412,1326,37,807,2837,1904,151.71,24.49,6.66,8.07,28.37,19.04,5.71,-23.34,-33.61,68.23,-140.44,6.94
1225,1366,31,776,2900,1853,144.01,30.37,6.18,7.76,29.00,18.53,6.29,-23.22,-33.64,81.79,-135.47,6.95
853,1656,18,746,2851,1871,134.81,37.43,5.67,7.46,28.51,18.71,6.84,-23.07,-33.68,120.74,-166.41,7.51
879,1787,7,723,2807,1769,126.69,44.59,5.15,7.23,28.07,17.69,7.34,-22.90,-33.71,101.06,-172.95,7.89
774,1926,-31,721,2651,1992,118.74,51.88,4.44,7.21,26.51,19.92,7.82,-22.69,-33.76,101.71,-180.48,10.37
698,1926,-30,712,2599,2078,111.13,58.44,3.82,7.12,25.99,20.78,8.26,-22.46,-33.80,98.58,-168.20,9.62
396,1941,106,582,2659,2200,102.43,64.44,4.08,5.82,26.59,22.00,8.67,-22.20,-33.85,127.89,-159.30,-1.61
225,1944,220,620,2607,2322,93.56,69.85,5.01,6.20,26.07,23.22,9.04,-21.93,-33.91,136.92,-149.69,-10.28
-150,1839,391,488,2586,2194,83.29,74.08,6.90,4.88,25.86,21.94,9.36,-21.64,-33.98,174.45,-125.85,-22.76
-259,1765,420,500,2538,2199,73.38,77.44,8.77,5.00,25.38,21.99,9.64,-21.33,-34.07,172.12,-108.41,-23.23
-696,1535,480,312,2676,2153,61.80,79.06,10.82,3.12,26.76,21.53,9.87,-21.02,-34.17,216.67,-70.47,-26.13
-826,1536,487,268,2709,2200,50.58,80.53,12.71,2.68,27.09,22.00,10.05,-20.71,-34.27,215.13,-68.06,-24.72
-1398,1740,470,178,2988,2230,36.99,83.09,14.31,1.78,29.88,22.30,10.17,-20.39,-34.39,276.54,-94.53,-21.58
-1560,1810,449,187,2949,2202,23.78,85.82,15.61,1.87,29.49,22.02,10.24,-20.05,-34.51,276.17,-100.25,-18.40
-2072,1904,217,134,2734,2182,8.76,88.85,15.38,1.34,27.34,21.82,10.25,-19.71,-34.64,325.81,-109.07,1.01
-2183,1913,155,99,2741,2271,-5.43,91.64,14.78,0.99,27.41,22.71,10.20,-19.35,-34.76,315.88,-105.40,5.65
-2479,1899,30,-88,2711,2444,-20.01,94.06,13.49,-0.88,27.11,24.44,10.10,-18.98,-34.88,333.48,-98.93,14.88
-2572,1866,26,-173,2641,2626,-33.70,96.03,12.30,-1.73,26.41,26.26,9.94,-18.61,-35.00,321.84,-90.40,13.97
-2811,1824,19,-204,2358,2875,-47.48,97.56,11.18,-2.04,23.58,28.75,9.73,-18.22,-35.11,332.33,-81.36,13.39
-2901,1788,11,-251,2335,2865,-60.42,98.71,10.13,-2.51,23.35,28.65,9.47,-17.83,-35.22,321.71,-73.95,12.97
-3343,1656,-2,-285,2241,2999,-74.77,98.94,9.11,-2.85,22.41,29.99,9.16,-17.43,-35.32,362.14,-53.65,12.99
-3465,1628,-18,-326,2152,3017,-88.43,98.98,8.09,-3.26,21.52,30.17,8.79,-17.03,-35.41,355.12,-49.57,13.28
-3857,1637,-140,-582,2072,3322,-103.12,99.06,6.42,-5.82,20.72,33.22,8.36,-16.63,-35.50,387.37,-51.04,21.86
-3954,1665,-171,-632,2060,3404,-116.93,99.31,4.74,-6.32,20.60,34.04,7.89,-16.23,-35.57,376.32,-55.10,22.71
-4244,1715,-295,-644,1831,3613,-131.12,99.84,2.47,-6.44,18.31,36.13,7.36,-15.82,-35.63,394.01,-61.99,30.81
-4306,1695,-333,-628,1769,3684,-144.28,100.20,0.19,-6.28,17.69,36.84,6.78,-15.41,-35.68,378.93,-58.54,31.62
-4505,1501,-459,-677,1434,3896,-157.33,99.34,-2.63,-6.77,14.34,38.96,6.15,-15.00,-35.71,384.97,-30.86,39.32
-4605,1358,-511,-722,1285,3985,-169.69,97.69,-5.48,-7.22,12.85,39.85,5.47,-14.59,-35.73,377.26,-12.45,40.70
-4947,1051,-570,-833,962,4209,-182.89,94.33,-8.41,-8.33,9.62,42.09,4.75,-14.19,-35.73,404.88,27.75,42.60
-5079,970,-574,-843,876,4253,-195.59,90.81,-11.07,-8.43,8.76,42.53,3.97,-13.81,-35.71,401.48,33.19,40.12
-5729,674,-545,-689,576,4218,-210.98,85.84,-13.29,-6.89,5.76,42.18,3.14,-13.45,-35.68,472.01,68.68,35.31
-5915,583,-519,-669,446,4145,-225.96,80.81,-15.13,-6.69,4.46,41.45,2.25,-13.10,-35.63,472.59,72.80,31.16
-6517,251,-419,-566,-47,4017,-243.12,74.26,-16.17,-5.66,-0.47,40.17,1.29,-12.79,-35.57,532.53,110.82,21.58
-6628,198,-397,-640,-233,3982,-259.24,68.05,-16.98,-6.40,-2.33,39.82,0.26,-12.50,-35.51,519.61,106.93,18.86
-6900,111,-213,-576,-900,3871,-275.40,61.92,-16.58,-5.76,-9.00,38.71,-0.84,-12.23,-35.44,531.19,108.42,3.68
-6910,120,-90,-473,-1192,3817,-290.01,56.46,-15.47,-4.73,-11.92,38.17,-1.99,-12.00,-35.37,505.81,96.55,-5.57
-6657,234,165,-563,-880,3544,-301.62,52.24,-12.92,-5.63,-8.80,35.44,-3.20,-11.77,-35.31,446.04,71.03,-24.48
-6356,349,249,-640,-1311,3464,-310.23,49.14,-10.10,-6.40,-13.11,34.64,-4.44,-11.57,-35.26,384.65,47.49,-28.62
-5905,424,436,-767,-1844,3781,-315.23,46.82,-6.43,-7.67,-18.44,37.81,-5.70,-11.37,-35.22,307.24,31.51,-40.58
-5866,453,469,-827,-2002,3822,-319.49,44.90,-2.93,-8.27,-20.02,38.22,-6.99,-11.18,-35.19,294.07,23.33,-39.67
-5467,510,547,-853,-2385,3602,-320.89,43.52,0.70,-8.53,-23.85,36.02,-8.28,-10.99,-35.17,231.42,11.91,-42.44
-5264,520,565,-851,-2455,3405,-320.91,42.34,4.08,-8.51,-24.55,34.05,-9.58,-10.81,-35.16,201.28,8.03,-40.39
-4570,494,595,-831,-2794,3479,-316.69,41.12,7.30,-8.31,-27.94,34.79,-10.86,-10.64,-35.17,104.27,9.56,-39.52
-4074,424,667,-755,-2975,3222,-309.88,39.59,10.64,-7.55,-29.75,32.22,-12.12,-10.46,-35.18,42.38,17.23,-42.08
-3961,402,680,-831,-3072,3267,-303.05,38.09,13.72,-8.31,-30.72,32.67,-13.35,-10.29,-35.20,38.88,17.62,-39.91
-3524,441,698,-925,-3045,3099,-294.24,36.97,16.61,-9.25,-30.45,30.99,-14.55,-10.12,-35.23,-10.28,9.44,-38.38
-3437,463,704,-965,-3055,3186,-285.78,36.10,19.24,-9.65,-30.55,31.86,-15.71,-9.95,-35.27,-6.76,4.32,-36.10
-3184,570,684,-986,-3274,2859,-276.63,35.96,21.49,-9.86,-32.74,28.59,-16.84,-9.78,-35.32,-27.26,-12.36,-32.02
-3080,560,682,-922,-3322,2778,-267.75,35.78,23.50,-9.22,-33.22,27.78,-17.93,-9.60,-35.37,-25.59,-11.29,-29.71
-2928,449,585,-898,-3724,2872,-258.84,34.94,24.72,-8.98,-37.24,28.72,-18.99,-9.43,-35.42,-31.18,3.93,-20.20
-2930,396,578,-878,-3539,2801,-250.83,33.86,25.77,-8.78,-35.39,28.01,-20.02,-9.26,-35.48,-15.03,9.86,-18.49
-2841,289,662,-815,-3861,2568,-243.07,32.24,27.23,-8.15,-38.61,25.68,-21.02,-9.09,-35.54,-13.26,22.99,-24.05
-2503,346,738,-930,-4157,2319,-234.04,31.13,29.01,-9.30,-41.57,23.19,-21.98,-8.93,-35.60,-47.05,12.08,-28.60
-2325,406,754,-980,-4276,2244,-224.81,30.49,30.71,-9.80,-42.76,22.44,-22.91,-8.76,-35.67,-56.12,1.62,-28.15
-1615,638,854,-907,-4428,2185,-212.18,31.33,32.85,-9.07,-44.28,21.85,-23.78,-8.58,-35.75,-139.89,-32.28,-34.35
-1550,579,884,-911,-4425,2203,-200.42,31.73,34.96,-9.11,-44.25,22.03,-24.61,-8.40,-35.83,-126.98,-22.65,-34.66
-1224,516,1090,-835,-4229,2328,-187.85,31.71,38.11,-8.35,-42.29,23.28,-25.39,-8.22,-35.91,-152.36,-13.21,-48.76
-899,529,1262,-753,-4154,2230,-174.54,31.76,42.00,-7.53,-41.54,22.30,-26.12,-8.02,-36.01,-176.25,-15.22,-59.21
-206,365,1429,-736,-4238,2143,-158.35,30.81,46.51,-7.36,-42.38,21.43,-26.79,-7.82,-36.13,-250.82,7.86,-68.56
19,306,1434,-782,-4255,2126,-142.40,29.60,50.61,-7.82,-42.55,21.26,-27.39,-7.62,-36.26,-254.52,14.42,-64.64
923,123,1404,-662,-4168,2242,-122.53,27.39,54.11,-6.62,-41.68,22.42,-27.91,-7.41,-36.40,-354.40,38.01,-58.37
1757,-44,1436,-456,-3974,2267,-99.56,24.38,57.46,-4.56,-39.74,22.67,-28.35,-7.21,-36.56,-437.79,57.65,-57.52
2001,-62,1478,-384,-3839,2215,-77.39,21.57,60.73,-3.84,-38.39,22.15,-28.69,-7.01,-36.74,-432.80,54.93,-57.61
2886,-164,1678,-176,-3557,2272,-52.05,18.41,64.89,-1.76,-35.57,22.72,-28.94,-6.82,-36.93,-519.60,64.38,-70.12
3155,-214,1704,-149,-3523,2233,-27.60,15.26,68.80,-1.49,-35.23,22.33,-29.09,-6.63,-37.15,-514.21,65.92,-68.17
4148,-492,1767,148,-2776,2344,0.46,10.73,72.70,1.48,-27.76,23.44,-29.14,-6.45,-37.38,-612.46,99.62,-69.36
4886,-832,1732,256,-2379,2353,30.22,4.59,75.99,2.56,-23.79,23.53,-29.06,-6.28,-37.64,-668.70,139.71,-62.88
5124,-1004,1589,249,-2275,2402,58.46,-2.00,78.09,2.49,-22.75,24.02,-28.87,-6.13,-37.93,-651.64,153.38,-48.53
5507,-1161,1089,278,-2457,2476,86.20,-8.88,76.92,2.78,-24.57,24.76,-28.58,-6.02,-38.22,-657.69,164.20,-7.37
5554,-1164,918,269,-2504,2537,111.46,-15.09,74.83,2.69,-25.04,25.37,-28.18,-5.92,-38.51,-617.28,152.84,4.93
5768,-899,272,245,-2190,2528,135.50,-19.07,69.01,2.45,-21.90,25.28,-27.68,-5.86,-38.79,-604.71,104.85,53.52
5781,-834,127,278,-2049,2555,157.21,-22.25,62.88,2.78,-20.49,25.55,-27.10,-5.82,-39.06,-565.96,88.89,59.34
5557,-625,-334,409,-1784,2717,175.39,-23.84,54.55,4.09,-17.84,27.17,-26.43,-5.81,-39.30,-497.81,54.01,89.60
5160,-357,-729,292,-1660,3016,189.33,-23.63,44.65,2.92,-16.60,30.16,-25.71,-5.81,-39.51,-411.34,13.53,112.60
5023,-265,-819,269,-1633,3072,201.04,-22.88,35.19,2.69,-16.33,30.72,-24.94,-5.83,-39.68,-368.79,0.92,110.22
4458,83,-1040,300,-1466,3200,208.13,-20.09,25.33,3.00,-14.66,32.00,-24.12,-5.84,-39.80,-269.74,-46.85,118.51
4287,153,-1067,335,-1411,3236,213.46,-17.15,16.29,3.35,-14.11,32.36,-23.26,-5.87,-39.89,-234.12,-51.94,111.23
3501,385,-1015,275,-1040,3419,213.47,-13.08,8.47,2.75,-10.40,34.19,-22.39,-5.90,-39.94,-114.81,-79.60,98.55
3302,433,-975,245,-949,3473,212.27,-9.13,1.67,2.45,-9.49,34.73,-21.53,-5.93,-39.96,-87.31,-79.42,87.97
2573,613,-909,149,-848,3617,206.74,-4.48,-4.04,1.49,-8.48,36.17,-20.69,-5.94,-39.95,12.83,-98.05,76.33
2404,659,-931,125,-800,3624,200.73,-0.01,-9.32,1.25,-8.00,36.24,-19.86,-5.95,-39.91,26.68,-96.60,72.60
1848,784,-1099,-3,-596,3628,191.93,4.77,-15.09,-0.03,-5.96,36.28,-19.07,-5.94,-39.84,94.28,-106.60,80.72
1689,816,-1141,8,-511,3674,183.04,9.27,-20.54,0.08,-5.11,36.74,-18.32,-5.92,-39.75,101.19,-102.97,78.50
909,861,-1226,88,-471,3612,170.28,13.60,-25.96,0.88,-4.71,36.12,-17.61,-5.90,-39.63,195.51,-101.66,79.94
641,856,-1219,104,-486,3641,157.16,17.46,-30.80,1.04,-4.86,36.41,-16.95,-5.86,-39.49,211.10,-93.61,74.21
-521,861,-1111,127,-639,3641,138.27,20.96,-34.50,1.27,-6.39,36.41,-16.36,-5.81,-39.33,352.13,-87.76,61.13
-900,868,-1068,67,-690,3631,118.95,24.16,-37.56,0.67,-6.90,36.31,-15.86,-5.75,-39.16,373.01,-82.81,54.23
-2628,988,-824,-53,-857,3653,91.02,27.77,-38.83,-0.53,-8.57,36.53,-15.47,-5.67,-38.98,583.38,-94.33,32.20
-2975,1020,-769,-105,-917,3600,63.77,31.22,-39.64,-1.05,-9.17,36.00,-15.19,-5.57,-38.79,584.50,-92.75,26.67
-4020,1141,-599,-148,-1132,3550,32.87,35.06,-39.33,-1.48,-11.32,35.50,-15.05,-5.46,-38.60,685.25,-104.00,12.57
-4231,1172,-561,-217,-1211,3542,3.78,38.70,-38.82,-2.17,-12.11,35.42,-15.02,-5.33,-38.41,662.30,-101.91,9.88
-4762,1342,-435,-532,-1629,3751,-25.65,43.02,-37.59,-5.32,-16.29,37.51,-15.12,-5.19,-38.22,687.61,-119.76,0.49
-5022,1540,-293,-803,-2133,3886,-53.72,48.11,-35.62,-8.03,-21.33,38.86,-15.33,-5.03,-38.04,674.23,-140.41,-9.47
-5056,1562,-252,-810,-2233,3902,-79.19,52.83,-33.60,-8.10,-22.33,39.02,-15.64,-4.85,-37.85,631.38,-134.95,-10.82
-5076,1503,-50,-814,-2635,3863,-102.23,56.71,-30.54,-8.14,-26.35,38.63,-16.05,-4.65,-37.67,591.05,-118.73,-24.71
-4959,1266,174,-878,-3099,3845,-122.26,58.76,-26.43,-8.78,-30.99,38.45,-16.54,-4.45,-37.51,535.61,-78.83,-39.35
-4911,1191,233,-881,-3213,3806,-139.99,60.15,-22.36,-8.81,-32.13,38.06,-17.10,-4.23,-37.35,495.08,-64.91,-40.06
-4594,867,546,-686,-3098,3556,-154.01,59.43,-16.79,-6.86,-30.98,35.56,-17.73,-4.02,-37.22,420.58,-17.02,-60.69
-4493,810,673,-639,-3137,3470,-166.02,58.42,-11.01,-6.39,-31.37,34.70,-18.40,-3.80,-37.10,382.88,-10.36,-65.34
-3851,690,1057,-745,-3571,3080,-172.91,56.79,-3.46,-7.45,-35.71,30.80,-19.10,-3.58,-37.02,272.39,4.70,-89.88
-3575,702,1122,-812,-3620,2989,-177.43,55.39,3.73,-8.12,-36.20,29.89,-19.82,-3.36,-36.96,222.23,0.08,-87.78
-2519,631,1240,-814,-3636,3030,-175.05,53.70,10.92,-8.14,-36.36,30.30,-20.54,-3.14,-36.93,66.16,7.56,-90.17
-1842,404,1171,-797,-3473,2934,-168.78,50.80,16.97,-7.97,-34.73,29.34,-21.23,-2.92,-36.92,-24.75,36.52,-77.92
-1523,373,1126,-772,-3456,2887,-161.19,47.99,22.14,-7.72,-34.56,28.87,-21.89,-2.70,-36.93,-58.59,35.80,-68.63
-70,155,801,-670,-3306,2789,-145.50,44.14,24.81,-6.70,-33.06,27.89,-22.49,-2.49,-36.96,-250.06,61.61,-38.26
318,100,688,-623,-3182,2841,-129.01,40.34,26.53,-6.23,-31.82,28.41,-23.02,-2.29,-36.99,-277.65,62.66,-26.87
1919,-130,255,-596,-2773,2822,-104.40,35.51,25.43,-5.96,-27.73,28.22,-23.46,-2.11,-37.03,-474.91,88.47,8.66
2657,-244,35,-534,-2761,2908,-77.76,30.47,23.10,-5.34,-27.61,29.08,-23.78,-1.96,-37.07,-536.76,96.21,24.83
4228,-423,-601,-512,-2725,2969,-44.19,24.84,17.13,-5.12,-27.25,29.69,-23.98,-1.83,-37.09,-712.64,112.77,72.39
4627,-444,-762,-496,-2570,3005,-11.55,19.65,10.77,-4.96,-25.70,30.05,-24.04,-1.73,-37.10,-711.62,106.07,79.30
5920,-467,-1260,-432,-2350,3126,25.72,14.84,2.00,-4.32,-23.50,31.26,-23.95,-1.67,-37.08,-838.28,100.42,112.21
6226,-465,-1378,-435,-2322,3168,61.13,10.52,-6.60,-4.35,-23.22,31.68,-23.72,-1.63,-37.04,-818.03,91.91,113.09
6965,-501,-1704,-422,-2362,3489,97.50,6.41,-16.34,-4.22,-23.62,34.89,-23.34,-1.62,-36.97,-862.09,89.61,130.39
6935,-553,-1805,-533,-2689,3602,130.05,2.39,-25.71,-5.33,-26.89,36.02,-22.83,-1.65,-36.87,-796.19,89.95,129.01
7025,-447,-1763,-609,-2582,3287,159.90,-0.57,-33.90,-6.09,-25.82,32.87,-22.21,-1.69,-36.75,-753.80,68.20,116.78
6601,-419,-1231,-352,-2187,3839,184.18,-3.07,-38.02,-3.52,-21.87,38.39,-21.48,-1.75,-36.61,-643.64,59.23,67.33
5148,-582,-407,-473,-1930,3769,197.16,-6.31,-36.70,-4.73,-19.30,37.69,-20.70,-1.81,-36.49,-397.98,77.99,-1.09
4425,-660,-83,-544,-1759,3877,204.44,-9.71,-33.53,-5.44,-17.59,38.77,-19.88,-1.87,-36.37,-274.48,83.50,-25.20
2986,-744,375,-607,-1040,3714,202.21,-13.28,-27.89,-6.07,-10.40,37.14,-19.06,-1.94,-36.29,-59.80,89.60,-58.04
2669,-746,453,-580,-840,3689,198.27,-16.50,-22.34,-5.80,-8.40,36.89,-18.26,-2.02,-36.22,-19.45,83.85,-58.78
1747,-608,604,-512,-144,3536,189.10,-18.56,-16.42,-5.12,-1.44,35.36,-17.49,-2.10,-36.18,103.28,58.96,-65.30
1578,-542,616,-549,-132,3519,179.82,-20.01,-11.02,-5.49,-1.32,35.19,-16.75,-2.18,-36.16,110.98,46.20,-60.61
1164,-211,248,-569,-44,3480,168.93,-19.29,-8.41,-5.69,-0.44,34.80,-16.06,-2.25,-36.15,153.05,-2.88,-26.66
968,45,130,-413,-210,3575,157.95,-17.09,-6.77,-4.13,-2.10,35.75,-15.41,-2.32,-36.14,161.70,-37.70,-14.93
931,94,67,-441,-175,3586,147.83,-14.81,-5.69,-4.41,-1.75,35.86,-14.81,-2.37,-36.14,147.79,-40.82,-8.45
825,208,-150,-412,160,3673,138.08,-12.06,-6.03,-4.12,1.60,36.73,-14.24,-2.41,-36.13,145.11,-52.97,9.57
795,218,-183,-383,246,3682,129.12,-9.52,-6.55,-3.83,2.46,36.82,-13.71,-2.45,-36.11,132.36,-49.67,11.82
768,174,-340,-413,199,3799,120.89,-7.51,-7.97,-4.13,1.99,37.99,-13.21,-2.48,-36.08,120.57,-39.12,23.62
818,179,-400,-456,169,3835,113.79,-5.67,-9.61,-4.56,1.69,38.35,-12.73,-2.50,-36.05,99.19,-36.38,26.96
949,133,-557,-410,207,3989,108.20,-4.29,-12.05,-4.10,2.07,39.89,-12.28,-2.52,-36.01,68.32,-26.74,37.68
912,82,-569,-371,171,4024,102.95,-3.36,-14.31,-3.71,1.71,40.24,-11.85,-2.53,-35.95,63.72,-17.20,36.29
897,-57,-483,-284,71,3710,98.12,-3.37,-15.83,-2.84,0.71,37.10,-11.44,-2.55,-35.89,56.61,3.99,27.39
885,-80,-446,-266,49,3725,93.71,-3.52,-16.97,-2.66,0.49,37.25,-11.05,-2.57,-35.83,49.82,7.23,23.05
516,-146,-216,-380,-43,3751,87.49,-4.06,-16.59,-3.80,-0.43,37.51,-10.68,-2.59,-35.77,94.06,16.28,3.96
375,-132,-148,-392,-49,3730,81.03,-4.46,-15.83,-3.92,-0.49,37.30,-10.34,-2.60,-35.71,103.10,13.40,-1.01
-288,-64,112,-424,-74,3682,71.17,-4.40,-13.56,-4.24,-0.74,36.82,-10.04,-2.62,-35.66,185.34,3.15,-20.64
-518,-29,203,-419,-76,3647,60.89,-4.14,-10.97,-4.19,-0.76,36.47,-9.78,-2.63,-35.61,200.78,-1.68,-25.61
-1350,63,480,-476,-360,3699,46.57,-3.34,-6.94,-4.76,-3.60,36.99,-9.59,-2.63,-35.59,300.40,-14.20,-44.82
-1548,88,545,-504,-405,3702,32.47,-2.47,-2.93,-5.04,-4.05,37.02,-9.45,-2.63,-35.58,303.80,-16.37,-46.07
-2374,143,841,-573,-537,3756,14.74,-1.35,2.50,-5.73,-5.37,37.56,-9.39,-2.61,-35.59,396.15,-22.64,-65.40
-2617,150,925,-611,-610,3721,-2.70,-0.30,7.89,-6.11,-6.10,37.21,-9.41,-2.59,-35.62,400.19,-21.74,-66.81
-3658,216,1293,-635,-972,3965,-24.74,1.05,14.99,-6.35,-9.72,39.65,-9.51,-2.56,-35.68,517.26,-29.27,-90.46
-3990,266,1450,-640,-1079,4042,-46.61,2.56,22.33,-6.40,-10.79,40.42,-9.71,-2.52,-35.77,526.61,-34.05,-95.98
-5289,433,1689,-608,-717,3741,-74.21,4.95,30.40,-6.08,-7.17,37.41,-10.02,-2.46,-35.88,672.63,-55.04,-107.67
-5612,479,1757,-521,-783,3788,-101.02,7.38,38.08,-5.21,-7.83,37.88,-10.43,-2.38,-36.03,671.38,-57.50,-105.29
-6614,710,1799,-572,-1007,3784,-131.27,10.97,45.25,-5.72,-10.07,37.84,-10.97,-2.29,-36.20,767.26,-85.99,-101.25
-6811,780,1740,-642,-1123,3750,-159.69,14.63,51.34,-6.42,-11.23,37.50,-11.62,-2.18,-36.39,743.90,-89.80,-89.78
-6911,865,1213,-510,-1778,3719,-185.87,18.44,53.60,-5.10,-17.78,37.19,-12.39,-2.05,-36.58,710.06,-95.63,-42.72
-6790,863,1053,-585,-1864,3669,-208.71,21.86,54.66,-5.85,-18.64,36.69,-13.24,-1.90,-36.78,648.93,-88.94,-28.02
-5876,865,526,-611,-2139,3541,-223.68,24.95,52.41,-6.11,-21.39,35.41,-14.16,-1.75,-36.96,481.79,-83.50,14.26
-5566,848,411,-602,-2226,3522,-235.26,27.63,49.67,-6.02,-22.26,35.22,-15.12,-1.58,-37.12,413.21,-75.94,21.12
-4924,492,81,-596,-2614,3613,-241.77,27.87,45.20,-5.96,-26.14,36.13,-16.11,-1.42,-37.27,303.62,-21.31,44.35
-3973,372,-60,-608,-3034,3126,-241.83,27.35,40.31,-6.08,-30.34,31.26,-17.10,-1.26,-37.39,159.14,-4.09,51.14
-3675,329,-76,-523,-3172,3042,-240.07,26.62,35.82,-5.23,-31.72,30.42,-18.07,-1.11,-37.50,117.68,0.99,47.74
-2608,256,-134,-596,-3332,2893,-231.97,25.52,31.42,-5.96,-33.32,28.93,-19.02,-0.97,-37.58,-29.07,9.94,48.01
-2309,239,-126,-619,-3300,2850,-222.86,24.43,27.51,-6.19,-33.00,28.50,-19.93,-0.84,-37.65,-56.81,10.37,43.19
-1278,191,-10,-681,-3198,2791,-208.37,23.15,24.70,-6.81,-31.98,27.91,-20.78,-0.71,-37.71,-186.04,15.19,30.39
-870,158,74,-637,-3314,2724,-192.84,21.80,22.68,-6.37,-33.14,27.24,-21.57,-0.59,-37.77,-218.32,17.58,21.14
-163,-13,171,-612,-3483,2618,-174.55,19.54,21.45,-6.12,-34.83,26.18,-22.28,-0.48,-37.82,-291.03,39.31,11.63
-33,-67,189,-637,-3491,2615,-157.29,17.18,20.46,-6.37,-34.91,26.15,-22.93,-0.38,-37.87,-277.75,43.00,9.06
295,-249,247,-695,-3561,2485,-139.77,13.94,19.92,-6.95,-35.61,24.85,-23.51,-0.29,-37.92,-294.19,64.57,3.58
367,-278,257,-692,-3599,2443,-123.55,10.85,19.50,-6.92,-35.99,24.43,-24.02,-0.22,-37.97,-274.12,63.09,2.29
826,-158,352,-615,-3653,2145,-106.16,8.80,19.70,-6.15,-36.53,21.45,-24.46,-0.15,-38.03,-310.88,40.86,-5.54
916,-148,406,-571,-3686,2145,-89.95,7.02,20.20,-5.71,-36.86,21.45,-24.84,-0.09,-38.09,-293.67,35.92,-9.58
954,-8,570,-565,-3492,2494,-75.14,6.27,21.66,-5.65,-34.92,24.94,-25.15,-0.02,-38.16,-271.20,13.11,-21.92
907,37,639,-575,-3509,2482,-62.09,5.87,23.39,-5.75,-35.09,24.82,-25.42,0.04,-38.23,-239.14,5.44,-25.93
688,193,978,-585,-3661,2603,-51.69,6.46,27.02,-5.85,-36.61,26.03,-25.64,0.12,-38.32,-185.89,-17.28,-50.80
566,223,1157,-541,-3730,2598,-43.06,7.17,31.37,-5.41,-37.30,25.98,-25.83,0.20,-38.42,-150.83,-20.56,-61.34
372,218,1543,-482,-3724,2648,-36.49,7.78,37.65,-4.82,-37.24,26.48,-25.99,0.30,-38.54,-108.69,-18.70,-87.39
349,198,1638,-454,-3708,2654,-30.71,8.21,43.88,-4.54,-37.08,26.54,-26.13,0.41,-38.69,-94.14,-14.91,-88.83
400,85,1925,-423,-3632,2764,-25.20,7.91,51.23,-4.23,-36.32,27.64,-26.25,0.53,-38.86,-91.41,1.67,-105.35
445,50,1978,-423,-3633,2795,-19.97,7.43,58.17,-4.23,-36.33,27.95,-26.34,0.66,-39.05,-88.29,6.00,-102.47
705,-73,2077,-396,-3637,2874,-13.67,6.24,65.03,-3.96,-36.37,28.74,-26.41,0.81,-39.27,-115.97,22.41,-103.58
791,-114,2086,-366,-3634,2902,-7.48,4.92,71.25,-3.66,-36.34,29.02,-26.45,0.95,-39.52,-117.33,26.07,-97.73
1146,-263,2149,-233,-3517,3036,0.26,2.82,77.23,-2.33,-35.17,30.36,-26.46,1.10,-39.79,-156.80,44.73,-96.71
1247,-309,2186,-192,-3453,3039,7.84,0.65,82.84,-1.92,-34.53,30.39,-26.44,1.25,-40.09,-157.86,47.54,-93.87
1685,-536,2335,23,-3312,3062,17.34,-2.68,88.80,0.23,-33.12,30.62,-26.38,1.40,-40.41,-206.71,75.74,-100.16
1910,-674,2336,77,-3277,3079,27.25,-6.52,94.17,0.77,-32.77,30.79,-26.28,1.54,-40.76,-222.31,89.41,-94.53
2426,-954,2156,143,-2933,3260,39.33,-11.69,97.91,1.43,-29.33,32.60,-26.13,1.67,-41.13,-278.23,122.24,-75.29
2563,-1014,2086,189,-2797,3304,51.03,-16.71,100.84,1.89,-27.97,33.04,-25.93,1.78,-41.52,-277.09,121.82,-66.22
3066,-1240,1815,348,-2330,3303,64.63,-22.60,101.83,3.48,-23.30,33.03,-25.67,1.87,-41.93,-328.21,145.06,-42.17
3207,-1311,1733,416,-2272,3284,77.73,-28.34,102.22,4.16,-22.72,32.84,-25.36,1.93,-42.34,-325.11,144.98,-34.78
3775,-1516,1315,446,-2108,3317,92.98,-34.75,100.02,4.46,-21.08,33.17,-24.99,1.96,-42.76,-383.09,164.08,-1.65
4269,-1627,845,683,-1751,3310,109.73,-41.20,95.17,6.83,-17.51,33.10,-24.54,1.95,-43.18,-427.01,168.80,33.07
4395,-1622,723,704,-1686,3286,125.56,-46.97,90.06,7.04,-16.86,32.86,-24.03,1.91,-43.59,-416.57,157.12,38.03
4799,-1603,272,821,-1454,3218,142.28,-52.06,82.72,8.21,-14.54,32.18,-23.44,1.84,-43.97,-446.90,144.65,68.50
4923,-1572,158,810,-1367,3224,158.08,-56.44,75.41,8.10,-13.67,32.24,-22.80,1.73,-44.34,-436.30,131.69,70.45
5587,-1239,-303,847,-1122,3401,176.35,-58.35,66.02,8.47,-11.22,34.01,-22.08,1.60,-44.67,-503.43,77.37,99.60
5702,-1160,-400,871,-1081,3494,193.50,-59.59,56.98,8.71,-10.81,34.94,-21.29,1.44,-44.97,-489.01,63.08,98.27
5661,-1074,-681,997,-960,3745,208.68,-60.19,47.12,9.97,-9.60,37.45,-20.44,1.27,-45.23,-454.56,48.96,111.67
5627,-1068,-731,1029,-945,3722,222.14,-60.68,37.95,10.29,-9.45,37.22,-19.54,1.07,-45.46,-424.48,47.23,106.21
5625,-1059,-757,1118,-584,3627,234.24,-61.07,29.54,11.18,-5.84,36.27,-18.60,0.87,-45.65,-401.89,45.25,99.52
5800,-953,-752,1109,-547,3423,246.19,-60.78,22.00,11.09,-5.47,34.23,-17.60,0.65,-45.81,-406.59,29.79,91.13
6259,-828,-635,1207,-267,3545,259.76,-59.75,15.93,12.07,-2.67,35.45,-16.55,0.42,-45.94,-451.60,12.82,74.80
6280,-729,-485,1219,56,3429,272.09,-58.22,11.37,12.19,0.56,34.29,-15.45,0.20,-46.05,-432.17,0.77,57.28
6286,-672,-448,1257,176,3392,283.22,-56.50,7.50,12.57,1.76,33.92,-14.31,-0.03,-46.14,-412.75,-4.51,50.05
6222,-564,-318,1186,832,3304,292.86,-54.29,4.81,11.86,8.32,33.04,-13.12,-0.25,-46.21,-385.53,-16.66,36.20
6188,-474,-277,1394,734,3175,301.32,-51.75,2.64,13.94,7.34,31.75,-11.90,-0.46,-46.26,-365.12,-25.43,30.43
6056,-374,-178,1402,1223,2901,308.13,-48.86,1.29,14.02,12.23,29.01,-10.66,-0.66,-46.30,-332.92,-35.07,20.62
6006,-339,-149,1353,1239,2884,313.95,-46.04,0.25,13.53,12.39,28.84,-9.39,-0.85,-46.34,-315.10,-34.94,17.06
5698,-185,-129,1291,1389,2681,317.31,-42.57,-0.56,12.91,13.89,26.81,-8.10,-1.03,-46.36,-262.61,-51.73,14.51
5579,-135,-122,1318,1528,2590,319.61,-39.13,-1.25,13.18,15.28,25.90,-6.81,-1.20,-46.38,-240.96,-52.74,13.19
5004,43,-67,1271,1895,2326,318.18,-34.96,-1.53,12.71,18.95,23.26,-5.52,-1.35,-46.38,-156.84,-71.88,8.23
4814,96,-48,1280,1968,2295,315.72,-30.88,-1.67,12.80,19.68,22.95,-4.24,-1.48,-46.39,-133.35,-72.14,6.47
3977,384,9,1259,2170,2265,308.41,-25.45,-1.45,12.59,21.70,22.65,-2.99,-1.59,-46.39,-20.39,-105.71,1.88
3707,482,32,1258,2219,2232,300.18,-19.96,-1.11,12.58,22.19,22.32,-1.78,-1.68,-46.39,4.40,-110.20,0.29
2573,804,173,1222,2333,2047,285.86,-13.06,0.06,12.22,23.33,20.47,-0.62,-1.74,-46.39,149.44,-146.20,-10.42
1986,907,234,1201,2366,1991,269.39,-6.22,1.48,12.01,23.66,19.91,0.48,-1.77,-46.39,207.04,-148.93,-14.08
698,1021,391,1136,2508,1902,246.71,0.63,3.72,11.36,25.08,19.02,1.48,-1.78,-46.41,359.84,-153.34,-25.01
357,1038,434,1119,2516,1929,224.21,6.90,5.99,11.19,25.16,19.29,2.39,-1.76,-46.43,368.64,-144.07,-26.25
-919,1135,587,1019,2590,2125,196.19,13.13,8.97,10.19,25.90,21.25,3.20,-1.71,-46.47,509.62,-147.09,-36.05
-1261,1181,622,991,2601,2232,168.88,19.02,11.87,9.91,26.01,22.32,3.89,-1.65,-46.52,509.59,-142.99,-35.94
-2592,1315,718,917,2662,2423,136.18,25.14,15.06,9.17,26.62,24.23,4.45,-1.56,-46.59,650.27,-151.89,-40.69
-2958,1330,727,931,2605,2474,104.52,30.74,17.99,9.31,26.05,24.74,4.88,-1.44,-46.67,645.83,-143.65,-38.34
-4258,1230,630,900,2243,2559,68.09,35.17,20.04,9.00,22.43,25.59,5.17,-1.32,-46.76,774.90,-120.09,-27.95
-4563,1190,578,886,2175,2662,33.45,38.91,21.56,8.86,21.75,26.62,5.32,-1.18,-46.86,755.70,-107.00,-21.92
-5464,1131,366,900,1871,2908,-3.23,41.92,21.63,9.00,18.71,29.08,5.32,-1.03,-46.96,823.64,-92.40,-3.87
-5766,1148,316,650,1636,2960,-38.08,44.73,21.40,6.50,16.36,29.60,5.18,-0.86,-47.06,803.78,-89.78,0.12
-6016,1259,284,584,1359,3124,-70.97,47.94,20.99,5.84,13.59,31.24,4.91,-0.69,-47.16,779.79,-100.75,2.41
-6010,1314,270,540,1274,3149,-100.53,51.16,20.54,5.40,12.74,31.49,4.52,-0.50,-47.26,723.13,-103.16,3.13
-5792,1554,139,501,1078,3280,-125.81,55.52,19.33,5.01,10.78,32.80,4.04,-0.29,-47.35,642.33,-131.63,12.96
-5767,1564,80,503,995,3320,-148.41,59.51,17.89,5.03,9.95,33.20,3.46,-0.07,-47.44,596.10,-125.75,16.43
-5497,1584,-100,374,655,3567,-167.10,63.22,15.49,3.74,6.55,35.67,2.80,0.17,-47.52,519.96,-121.93,29.15
-5419,1578,-166,370,567,3627,-183.44,66.53,12.93,3.70,5.67,36.27,2.08,0.42,-47.58,477.58,-114.92,32.03
-5155,1513,-409,220,350,3861,-196.55,69.10,9.14,2.20,3.50,38.61,1.31,0.68,-47.63,413.02,-100.30,48.62
-5074,1495,-466,164,281,3862,-207.84,71.31,5.38,1.64,2.81,38.62,0.49,0.95,-47.65,379.81,-93.55,49.47
-4664,1386,-657,126,-125,3952,-215.51,72.63,0.84,1.26,-1.25,39.52,-0.38,1.23,-47.65,303.34,-74.60,60.84
-4413,1330,-737,108,-308,3991,-220.88,73.48,-3.74,1.08,-3.08,39.91,-1.28,1.51,-47.64,255.49,-64.64,62.76
-3833,1213,-850,8,-613,4061,-222.17,73.54,-8.55,0.08,-6.13,40.61,-2.19,1.80,-47.59,165.19,-46.89,67.24
-3687,1174,-856,-7,-682,4083,-222.44,73.34,-12.92,-0.07,-6.82,40.83,-3.10,2.09,-47.53,143.00,-41.50,63.12
-3262,1016,-805,-33,-975,4111,-220.10,72.21,-16.54,-0.33,-9.75,41.11,-4.00,2.37,-47.44,83.23,-19.74,54.96
-3171,970,-778,-42,-1058,4090,-217.43,70.90,-19.63,-0.42,-10.58,40.90,-4.89,2.64,-47.34,74.99,-15.38,49.39
-2865,836,-565,-85,-1537,4084,-213.16,68.91,-21.11,-0.85,-15.37,40.84,-5.77,2.90,-47.23,36.99,1.11,29.76
-2823,807,-490,-85,-1523,4086,-209.07,66.94,-21.99,-0.85,-15.23,40.86,-6.63,3.16,-47.11,38.91,1.64,22.47
-2435,803,-552,-175,-1331,3764,-203.02,65.15,-23.16,-1.75,-13.31,37.64,-7.47,3.41,-46.99,-8.24,-1.32,26.47
-2356,765,-542,-112,-1448,3679,-197.09,63.30,-24.15,-1.12,-14.48,36.79,-8.28,3.64,-46.86,-8.52,0.82,24.56
-2330,667,-478,-150,-1709,3880,-191.59,61.04,-24.65,-1.50,-17.09,38.80,-9.08,3.87,-46.72,-1.56,11.34,18.60
-2415,621,-439,-123,-1815,3692,-187.16,58.72,-24.86,-1.23,-18.15,36.92,-9.85,4.08,-46.58,20.30,13.83,15.06
-2681,494,-316,-94,-1880,3551,-184.80,55.86,-24.30,-0.94,-18.80,35.51,-10.62,4.28,-46.44,65.85,27.65,5.22
-2740,478,-279,-104,-1928,3514,-183.03,53.19,-23.58,-1.04,-19.28,35.14,-11.38,4.47,-46.31,78.69,24.90,2.84
-2910,511,-160,-286,-2151,3510,-182.48,50.99,-22.19,-2.86,-21.51,35.10,-12.14,4.65,-46.18,106.17,15.58,-5.79
-2943,546,-137,-340,-2221,3481,-182.19,49.22,-20.81,-3.40,-22.21,34.81,-12.89,4.82,-46.05,112.26,6.78,-6.28
-3014,704,-84,-462,-2459,3418,-182.35,48.59,-19.24,-4.62,-24.59,34.18,-13.65,5.00,-45.93,123.27,-18.62,-9.12
-3043,732,-72,-432,-2541,3378,-182.68,48.20,-17.76,-4.32,-25.41,33.78,-14.41,5.17,-45.81,127.57,-23.75,-8.58
-3159,760,-57,-439,-2758,3195,-183.68,48.02,-16.33,-4.39,-27.58,31.95,-15.17,5.34,-45.70,143.87,-28.48,-8.35
-3345,756,-58,-507,-2908,3166,-185.72,47.83,-15.05,-5.07,-29.08,31.66,-15.94,5.51,-45.59,168.89,-28.34,-6.92
-3405,757,-57,-513,-2937,3125,-187.92,47.66,-13.89,-5.13,-29.37,31.25,-16.72,5.68,-45.48,174.39,-28.92,-5.79
-3682,778,-50,-513,-2875,3036,-191.59,47.64,-12.81,-5.13,-28.75,30.36,-17.52,5.84,-45.37,210.21,-32.27,-5.24
-3764,794,9,-522,-2852,2966,-195.39,47.72,-11.47,-5.22,-28.52,29.66,-18.33,6.01,-45.27,216.04,-34.67,-8.84
-3888,833,160,-558,-3326,2723,-199.57,48.03,-9.35,-5.58,-33.26,27.23,-19.16,6.18,-45.17,227.59,-40.15,-19.39
-3888,838,184,-542,-3395,2660,-203.33,48.34,-7.29,-5.42,-33.95,26.60,-20.00,6.36,-45.07,221.02,-40.44,-19.25
-3674,903,247,-685,-3596,2509,-205.40,49.01,-5.06,-6.85,-35.96,25.09,-20.85,6.54,-44.98,185.01,-49.19,-22.23
-3561,944,256,-713,-3638,2486,-206.59,49.87,-2.99,-7.13,-36.38,24.86,-21.70,6.72,-44.90,166.10,-53.94,-20.81
-3011,1044,256,-596,-3693,2358,-204.29,51.25,-1.13,-5.96,-36.93,23.58,-22.54,6.91,-44.81,87.12,-66.70,-18.85
-2375,947,229,-491,-3688,2281,-198.35,51.90,0.38,-4.91,-36.88,22.81,-23.36,7.10,-44.73,1.93,-50.80,-14.97
-2188,893,212,-449,-3694,2260,-191.86,52.16,1.64,-4.49,-36.94,22.60,-24.16,7.29,-44.65,-13.78,-42.21,-12.21
-1314,648,109,-394,-3591,2162,-180.69,50.90,2.14,-3.94,-35.91,21.62,-24.91,7.48,-44.57,-125.41,-7.36,-2.96
-952,461,42,-454,-3588,2188,-168.43,48.62,2.18,-4.54,-35.88,21.88,-25.61,7.66,-44.49,-156.93,16.73,2.75
3,223,-204,-643,-3521,2190,-151.57,45.12,0.72,-6.43,-35.21,21.90,-26.24,7.83,-44.41,-270.21,46.28,22.04
281,182,-288,-646,-3483,2121,-134.70,41.72,-1.11,-6.46,-34.83,21.21,-26.81,7.98,-44.33,-280.28,45.99,27.21
1233,74,-625,-757,-3303,2182,-113.71,38.00,-4.81,-7.57,-33.03,21.82,-27.29,8.10,-44.24,-385.38,55.33,51.84
1463,59,-728,-781,-3285,2168,-93.41,34.56,-8.77,-7.81,-32.85,21.68,-27.70,8.21,-44.14,-381.75,51.03,56.36
2222,6,-1147,-809,-3205,2197,-70.52,31.14,-14.89,-8.09,-32.05,21.97,-28.01,8.30,-44.03,-453.93,52.58,85.37
2391,0,-1257,-847,-3181,2217,-48.88,28.02,-21.07,-8.47,-31.81,22.17,-28.24,8.36,-43.90,-438.57,47.56,88.14
2842,-23,-1627,-911,-3176,2316,-26.66,25.08,-28.89,-9.11,-31.76,23.16,-28.39,8.40,-43.75,-465.16,45.47,111.19
2906,-29,-1712,-931,-3190,2347,-6.26,22.40,-36.44,-9.31,-31.90,23.47,-28.45,8.41,-43.57,-436.25,41.29,110.38
2954,-55,-1915,-907,-3187,2515,12.38,19.82,-44.48,-9.07,-31.87,25.15,-28.45,8.40,-43.37,-408.26,40.38,119.05
3219,131,-1923,-876,-3242,2086,30.78,18.64,-51.76,-8.76,-32.42,20.86,-28.37,8.37,-43.15,-413.87,9.80,111.99
3226,196,-1803,-818,-3188,2509,47.38,17.97,-57.58,-8.18,-31.88,25.09,-28.24,8.33,-42.91,-383.59,-1.35,95.64
3118,206,-1749,-947,-3212,2623,61.66,17.43,-62.49,-9.47,-32.12,26.23,-28.04,8.27,-42.65,-340.20,-3.87,85.84
2652,248,-1581,-1286,-3220,2620,71.67,17.20,-65.89,-12.86,-32.20,26.20,-27.81,8.22,-42.38,-250.33,-10.67,67.99
2493,243,-1568,-1343,-3182,2702,79.71,16.96,-68.86,-13.43,-31.82,27.02,-27.55,8.16,-42.10,-211.03,-10.32,63.71
1935,289,-1663,-1294,-3036,2604,83.55,17.03,-72.12,-12.94,-30.36,26.04,-27.27,8.09,-41.81,-118.86,-17.16,68.29
1461,421,-1807,-1470,-2706,2677,84.10,17.89,-75.93,-14.70,-27.06,26.77,-26.99,8.03,-41.50,-45.70,-35.61,76.42
1352,461,-1831,-1435,-2700,2704,83.94,18.92,-79.51,-14.35,-27.00,27.04,-26.71,7.96,-41.18,-29.57,-39.73,74.64
940,622,-1790,-1181,-2595,2873,81.28,20.82,-82.48,-11.81,-25.95,28.73,-26.45,7.90,-40.84,28.05,-60.64,67.99
839,657,-1738,-1219,-2584,2940,78.27,22.74,-84.83,-12.19,-25.84,29.40,-26.19,7.84,-40.49,37.58,-62.29,61.06
641,677,-1450,-1654,-2780,3314,74.35,24.60,-85.19,-16.54,-27.80,33.14,-25.96,7.79,-40.13,60.20,-61.79,36.25
653,651,-1363,-1716,-2820,3414,70.90,26.11,-84.99,-17.16,-28.20,34.14,-25.73,7.75,-39.78,51.69,-54.94,29.06
907,363,-1089,-1925,-2920,3505,69.34,25.71,-83.13,-19.25,-29.20,35.05,-25.51,7.71,-39.43,9.86,-11.74,7.78
1009,249,-995,-1937,-2896,3603,68.56,24.66,-80.89,-19.37,-28.96,36.03,-25.30,7.68,-39.09,-7.32,3.67,2.16
1405,-190,-542,-1867,-2663,3700,70.28,21.04,-76.11,-18.67,-26.63,37.00,-25.07,7.64,-38.77,-64.61,63.78,-31.18
1522,-334,-396,-1805,-2560,3671,72.53,16.90,-70.91,-18.05,-25.60,36.71,-24.82,7.59,-38.49,-78.34,77.92,-38.07
1962,-798,65,-1781,-2196,3743,77.25,10.34,-63.42,-17.81,-21.96,37.43,-24.55,7.54,-38.23,-136.69,136.30,-69.22
2077,-904,148,-1823,-2122,3726,82.19,3.79,-56.18,-18.23,-21.22,37.26,-24.26,7.48,-38.02,-145.06,140.10,-68.60
2551,-1147,387,-1809,-1727,3665,89.54,-3.59,-48.20,-18.09,-17.27,36.65,-23.92,7.41,-37.85,-203.66,163.24,-80.42
2960,-1256,569,-1764,-1429,3639,98.64,-10.89,-39.91,-17.64,-14.29,36.39,-23.54,7.32,-37.72,-249.04,166.09,-87.07
3113,-1275,638,-1744,-1285,3714,107.76,-17.58,-32.03,-17.44,-12.85,37.14,-23.12,7.22,-37.63,-255.37,156.38,-84.58
3292,-1336,743,-1719,-1043,3788,117.07,-23.97,-24.29,-17.19,-10.43,37.88,-22.65,7.11,-37.58,-265.35,153.65,-85.29
3268,-1515,813,-1604,-684,3765,125.30,-30.81,-16.90,-16.04,-6.84,37.65,-22.14,6.99,-37.56,-246.45,168.06,-83.40
3343,-1496,825,-1574,-625,3707,133.16,-36.86,-10.18,-15.74,-6.25,37.07,-21.59,6.85,-37.58,-243.35,153.81,-77.29
3548,-1509,808,-1564,-458,3778,141.49,-42.38,-4.23,-15.64,-4.58,37.78,-21.01,6.70,-37.63,-259.23,145.44,-69.55
3499,-1421,631,-1437,-305,3871,148.68,-46.81,0.04,-14.37,-3.05,38.71,-20.40,6.54,-37.70,-238.53,123.73,-50.03
3479,-1415,652,-1477,-513,3899,155.04,-50.76,4.01,-14.77,-5.13,38.99,-19.75,6.37,-37.79,-223.87,115.45,-47.59
3364,-1364,553,-1446,-387,3856,160.05,-54.00,6.98,-14.46,-3.87,38.56,-19.09,6.18,-37.89,-197.27,101.65,-36.05
3319,-1347,510,-1438,-305,3845,164.29,-56.82,9.40,-14.38,-3.05,38.45,-18.41,5.99,-38.00,-182.83,93.85,-29.84
3150,-1278,387,-1303,112,3714,167.08,-58.93,10.82,-13.03,1.12,37.14,-17.71,5.79,-38.11,-152.24,79.45,-17.90
3061,-1249,359,-1238,230,3672,169.04,-60.66,11.93,-12.38,2.30,36.72,-17.01,5.59,-38.23,-135.41,71.90,-14.35
2824,-1139,291,-1144,143,3697,169.36,-61.54,12.51,-11.44,1.43,36.97,-16.31,5.38,-38.35,-99.12,53.59,-7.96
2750,-1103,263,-1130,132,3661,169.20,-62.11,12.86,-11.30,1.32,36.61,-15.60,5.16,-38.47,-88.60,47.16,-5.20
2437,-1004,234,-935,249,3622,167.15,-62.03,13.00,-9.35,2.49,36.22,-14.91,4.94,-38.59,-45.22,32.37,-2.58
2348,-989,247,-903,275,3592,164.76,-61.86,13.21,-9.03,2.75,35.92,-14.23,4.73,-38.71,-36.63,30.54,-3.46
2003,-968,352,-814,399,3627,160.50,-61.58,14.04,-8.14,3.99,36.27,-13.56,4.51,-38.82,7.48,28.02,-11.47
1902,-945,386,-815,411,3683,156.05,-61.18,14.99,-8.15,4.11,36.83,-12.91,4.29,-38.94,14.03,25.40,-13.33
1538,-874,518,-769,535,3684,149.83,-60.40,16.65,-7.69,5.35,36.84,-12.28,4.07,-39.06,57.34,16.20,-22.74
1443,-868,565,-743,582,3702,143.65,-59.65,18.43,-7.43,5.82,37.02,-11.68,3.86,-39.18,59.72,16.84,-24.83
1111,-894,701,-688,627,3646,136.06,-59.14,20.86,-6.88,6.27,36.46,-11.11,3.65,-39.31,95.60,21.91,-33.76
974,-903,735,-681,641,3659,128.40,-58.73,23.26,-6.81,6.41,36.59,-10.57,3.45,-39.45,101.62,24.19,-34.09
634,-848,793,-618,692,3696,119.42,-58.03,25.77,-6.18,6.92,36.96,-10.07,3.24,-39.59,136.15,17.27,-36.33
522,-830,814,-593,676,3701,110.67,-57.29,28.16,-5.93,6.76,37.01,-9.60,3.04,-39.74,136.33,16.06,-35.57
8,-807,943,-555,625,3784,99.65,-56.49,31.10,-5.55,6.25,37.84,-9.18,2.84,-39.90,193.57,14.21,-43.37
-154,-814,998,-530,638,3816,88.74,-55.80,34.07,-5.30,6.38,38.16,-8.80,2.65,-40.07,197.37,16.70,-44.87
-817,-904,1274,-474,629,3769,74.89,-55.74,38.44,-4.74,6.29,37.69,-8.47,2.45,-40.26,272.02,30.67,-63.61
-1004,-934,1350,-466,616,3777,61.27,-55.86,42.83,-4.66,6.16,37.77,-8.20,2.26,-40.46,274.57,35.14,-65.38
-1756,-995,1580,-443,765,3616,44.43,-56.34,48.18,-4.43,7.65,36.16,-8.00,2.07,-40.69,357.23,43.65,-79.18
-1961,-1001,1630,-424,806,3550,28.03,-56.82,53.31,-4.24,8.06,35.50,-7.86,1.88,-40.93,357.32,43.80,-77.97
-2718,-942,1663,-328,644,3469,8.65,-56.88,58.12,-3.28,6.44,34.69,-7.80,1.69,-41.19,436.02,34.81,-75.64
-3048,-849,1589,-243,562,3484,-10.81,-56.37,62.00,-2.43,5.62,34.84,-7.82,1.50,-41.47,449.50,21.71,-65.24
-3687,-623,1401,-84,406,3438,-32.22,-54.53,64.35,-0.84,4.06,34.38,-7.92,1.32,-41.75,506.47,-9.15,-46.80
-3840,-565,1358,-46,343,3485,-52.42,-52.53,66.20,-0.46,3.43,34.85,-8.10,1.15,-42.05,491.66,-14.08,-41.17
-4386,-340,1273,-28,72,3569,-73.94,-49.35,67.34,-0.28,0.72,35.69,-8.38,0.99,-42.34,534.36,-42.27,-32.73
-4515,-287,1272,-25,-38,3591,-94.08,-46.16,68.37,-0.25,-0.38,35.91,-8.73,0.85,-42.64,516.11,-44.23,-31.53
-4899,-86,1263,-72,-388,3698,-114.56,-42.07,69.24,-0.72,-3.88,36.98,-9.17,0.73,-42.94,536.17,-67.05,-29.83
-4974,-31,1262,-63,-430,3674,-133.44,-38.05,70.01,-0.63,-4.30,36.74,-9.68,0.62,-43.24,512.18,-67.76,-28.89
-5081,111,1232,-18,-660,3542,-151.09,-33.57,70.52,-0.18,-6.60,35.42,-10.30,0.53,-43.54,495.48,-80.87,-25.78
-5034,160,1194,-16,-742,3526,-166.69,-29.24,70.76,-0.16,-7.42,35.26,-10.98,0.47,-43.84,459.22,-80.09,-22.29
-4545,413,890,-260,-825,3508,-177.75,-23.80,69.11,-2.60,-8.25,35.08,-11.70,0.44,-44.13,364.18,-108.35,1.75
-4245,515,738,-40,-1446,3621,-185.87,-18.27,66.70,-0.40,-14.46,36.21,-12.46,0.43,-44.41,303.55,-113.43,12.10
-4099,423,350,-8,-1679,3854,-192.28,-13.87,62.16,-0.08,-16.79,38.54,-13.24,0.43,-44.66,269.65,-91.06,40.19
-4039,392,260,-68,-1758,3719,-197.69,-10.09,57.53,-0.68,-17.58,37.19,-14.05,0.45,-44.90,250.79,-79.18,42.94
-3644,260,99,0,-2358,3575,-200.15,-7.49,52.38,0.00,-23.58,35.75,-14.87,0.47,-45.11,186.43,-54.15,51.14
-3515,251,53,-159,-2351,3533,-201.58,-5.21,47.47,-1.59,-23.51,35.33,-15.69,0.50,-45.29,164.60,-48.48,49.85
-3190,187,-17,-115,-2734,3468,-200.88,-3.55,42.62,-1.15,-27.34,34.68,-16.51,0.53,-45.46,116.90,-35.60,50.66
-3136,173,0,-157,-2767,3429,-199.92,-2.14,38.36,-1.57,-27.67,34.29,-17.32,0.57,-45.61,111.02,-30.82,44.72
-2711,237,9,-196,-2746,3163,-196.47,-0.48,34.58,-1.96,-27.46,31.63,-18.12,0.61,-45.74,53.28,-37.46,39.97
-2648,240,22,-141,-2739,3261,-192.97,1.03,31.25,-1.41,-27.39,32.61,-18.91,0.66,-45.86,50.81,-35.08,35.36
-2638,105,98,-107,-2907,3057,-189.77,1.57,28.73,-1.07,-29.07,30.57,-19.69,0.70,-45.97,55.87,-13.51,26.25
-2631,59,115,-110,-3024,3027,-186.84,1.77,26.55,-1.10,-30.24,30.27,-20.45,0.75,-46.06,60.85,-6.14,22.52
-2675,-47,110,-146,-3150,2855,-184.47,1.31,24.57,-1.46,-31.50,28.55,-21.21,0.79,-46.15,72.54,9.12,20.85
-2668,-55,107,-161,-3145,2833,-182.30,0.84,22.77,-1.61,-31.45,28.33,-21.95,0.83,-46.24,76.08,9.44,19.20
-2650,-70,99,-189,-3099,2702,-180.24,0.33,21.09,-1.89,-30.99,27.02,-22.69,0.86,-46.31,77.73,10.73,18.12
-2626,-57,97,-183,-3107,2667,-178.23,-0.05,19.58,-1.83,-31.07,26.67,-23.42,0.89,-46.39,78.35,8.01,16.68
-2476,-51,41,-149,-3233,2486,-175.51,-0.36,17.87,-1.49,-32.33,24.86,-24.14,0.92,-46.45,61.10,6.49,19.63
-2406,-48,14,-141,-3249,2447,-172.64,-0.61,16.17,-1.41,-32.49,24.47,-24.84,0.95,-46.51,56.34,5.53,20.12
-2097,-57,-85,-111,-3240,2307,-168.16,-0.90,14.03,-1.11,-32.40,23.07,-25.53,0.97,-46.56,18.14,6.35,26.25
-1996,-55,-111,-114,-3257,2280,-163.52,-1.15,11.95,-1.14,-32.57,22.80,-26.20,0.98,-46.61,11.97,5.57,26.25
-1520,-22,-238,-90,-3315,2164,-156.44,-1.17,9.30,-0.90,-33.15,21.64,-26.84,1.00,-46.64,-46.79,0.49,34.21
-1223,16,-301,-117,-3298,2172,-148.26,-0.95,6.54,-1.17,-32.98,21.72,-27.45,1.01,-46.67,-76.18,-4.90,36.62
-562,66,-429,-179,-3282,2240,-136.86,-0.45,3.27,-1.79,-32.82,22.40,-28.02,1.01,-46.68,-155.02,-11.59,44.01
-404,62,-470,-188,-3289,2281,-125.64,-0.03,0.07,-1.88,-32.89,22.81,-28.54,1.01,-46.68,-157.52,-10.18,44.10
39,-69,-652,-203,-3298,2435,-112.84,-0.45,-3.91,-2.03,-32.98,24.35,-29.00,1.00,-46.67,-200.52,9.01,55.30
149,-104,-700,-205,-3291,2374,-100.65,-1.04,-7.79,-2.05,-32.91,23.74,-29.42,0.99,-46.64,-193.93,13.24,55.25
708,-204,-877,-268,-3259,2305,-86.26,-2.18,-12.36,-2.68,-32.59,23.05,-29.79,0.96,-46.60,-251.69,26.35,65.41
878,-218,-926,-289,-3227,2265,-72.28,-3.29,-16.77,-2.89,-32.27,22.65,-30.09,0.91,-46.55,-250.93,26.41,64.88
1383,-291,-1146,-391,-3244,2341,-56.62,-4.74,-22.09,-3.91,-32.44,23.41,-30.34,0.86,-46.48,-298.12,34.84,77.89
1884,-254,-1472,-598,-3275,2381,-39.46,-5.81,-28.86,-5.98,-32.75,23.81,-30.51,0.78,-46.39,-341.91,27.21,98.33
1985,-240,-1550,-615,-3265,2456,-23.41,-6.69,-35.43,-6.15,-32.65,24.56,-30.62,0.69,-46.29,-326.84,23.46,97.97
2116,-204,-1727,-731,-3274,2790,-8.16,-7.27,-42.42,-7.31,-32.74,27.90,-30.67,0.59,-46.15,-317.90,16.95,105.55
2275,-80,-1723,-755,-3306,2509,6.53,-7.03,-48.69,-7.55,-33.06,25.09,-30.66,0.47,-46.00,-314.32,-1.43,98.56
2356,-73,-1606,-618,-3362,2757,20.25,-6.77,-53.61,-6.18,-33.62,27.57,-30.60,0.35,-45.83,-300.74,-1.92,83.42
2259,-99,-1559,-633,-3365,2731,32.01,-6.70,-57.76,-6.33,-33.65,27.31,-30.49,0.21,-45.65,-263.76,2.27,75.03
1799,-210,-1355,-770,-3268,2727,39.78,-7.31,-60.25,-7.70,-32.68,27.27,-30.34,0.07,-45.45,-178.98,18.13,55.09
1606,-243,-1290,-831,-3201,2759,45.60,-8.06,-62.10,-8.31,-32.01,27.59,-30.17,-0.07,-45.25,-138.64,21.84,47.61
1106,-201,-1154,-1041,-2981,2671,47.79,-8.48,-62.93,-10.41,-29.81,26.71,-30.00,-0.22,-45.05,-58.36,14.73,35.19
983,-169,-1143,-1067,-2923,2675,49.00,-8.66,-63.61,-10.67,-29.23,26.75,-29.81,-0.36,-44.85,-37.42,9.60,33.52
590,26,-1170,-1056,-2710,2475,47.70,-7.64,-64.38,-10.56,-27.10,24.75,-29.63,-0.50,-44.64,19.93,-18.10,34.97
152,276,-1275,-962,-2734,2468,43.86,-5.19,-65.72,-9.62,-27.34,24.68,-29.47,-0.64,-44.42,79.34,-51.50,42.43
-92,438,-1337,-923,-2733,2504,38.91,-2.00,-67.30,-9.23,-27.33,25.04,-29.32,-0.77,-44.19,107.08,-70.08,45.98
-620,808,-1416,-948,-2700,2479,31.24,3.13,-69.21,-9.48,-27.00,24.79,-29.21,-0.88,-43.95,172.99,-116.71,50.63
-747,891,-1421,-998,-2730,2507,23.56,8.25,-70.96,-9.98,-27.30,25.07,-29.12,-0.98,-43.68,177.76,-119.61,49.18
-1093,1199,-1439,-1218,-2860,2788,14.54,14.74,-72.64,-12.18,-28.60,27.88,-29.07,-1.05,-43.40,213.40,-154.24,48.90
-1160,1383,-1462,-1540,-2991,2919,6.01,21.70,-74.30,-15.40,-29.91,29.19,-29.05,-1.11,-43.10,207.45,-169.07,49.07
-1121,1373,-1475,-1614,-3021,2922,-1.43,27.91,-75.86,-16.14,-30.21,29.22,-29.06,-1.14,-42.78,187.42,-155.77,48.48
-794,1143,-1535,-1649,-3091,3035,-6.13,32.09,-77.64,-16.49,-30.91,30.35,-29.09,-1.17,-42.44,128.67,-112.76,51.66
-336,795,-1510,-1351,-2983,3252,-7.57,33.73,-79.09,-13.51,-29.83,32.52,-29.12,-1.19,-42.10,56.12,-56.57,47.98
-215,705,-1481,-1326,-3002,3291,-8.12,34.66,-80.21,-13.26,-30.02,32.91,-29.16,-1.21,-41.75,36.64,-41.07,44.30
294,298,-1380,-1569,-3010,3299,-5.52,33.01,-80.61,-15.69,-30.10,32.99,-29.18,-1.24,-41.41,-36.03,17.89,35.29
532,110,-1312,-1622,-3010,3313,-1.72,30.38,-80.55,-16.22,-30.10,33.13,-29.19,-1.27,-41.07,-65.12,41.60,29.56
1088,-303,-1116,-1705,-3022,3357,5.09,25.49,-79.30,-17.05,-30.22,33.57,-29.17,-1.32,-40.74,-137.03,95.36,14.24
1242,-409,-1064,-1723,-3038,3351,12.16,20.45,-77.86,-17.23,-30.38,33.51,-29.12,-1.39,-40.43,-147.16,102.02,11.33
1778,-746,-869,-1728,-2917,3379,21.79,13.85,-75.38,-17.28,-29.17,33.79,-29.04,-1.47,-40.14,-210.72,140.97,-2.58
2245,-978,-699,-1780,-2812,3400,33.30,6.50,-72.10,-17.80,-28.12,34.00,-28.90,-1.57,-39.88,-260.21,162.50,-13.54
2357,-1034,-666,-1783,-2761,3370,44.35,-0.46,-68.96,-17.83,-27.61,33.70,-28.73,-1.69,-39.63,-256.49,157.94,-13.03
2723,-1203,-548,-1638,-2544,3367,56.52,-7.75,-65.40,-16.38,-25.44,33.67,-28.50,-1.82,-39.42,-289.39,169.98,-19.28
2938,-1308,-392,-1522,-2363,3334,68.79,-14.95,-61.25,-15.22,-23.63,33.34,-28.22,-1.97,-39.23,-299.12,172.45,-28.12
2967,-1326,-348,-1528,-2334,3348,80.01,-21.55,-57.25,-15.28,-23.34,33.48,-27.90,-2.14,-39.07,-282.51,162.82,-27.62
2977,-1374,-158,-1529,-2212,3376,90.17,-27.77,-52.49,-15.29,-22.12,33.76,-27.54,-2.32,-38.94,-265.03,158.46,-38.69
2905,-1369,-46,-1525,-2101,3436,98.87,-33.35,-47.52,-15.25,-21.01,34.36,-27.14,-2.51,-38.83,-237.83,147.27,-42.93
2636,-1336,209,-1476,-1915,3440,105.07,-38.16,-41.50,-14.76,-19.15,34.40,-26.72,-2.70,-38.75,-185.36,133.24,-58.16
2305,-1319,370,-1447,-1671,3422,108.62,-42.39,-35.09,-14.47,-16.71,34.22,-26.28,-2.89,-38.70,-128.44,122.77,-65.02
2219,-1307,396,-1383,-1596,3417,111.29,-46.12,-29.16,-13.83,-15.96,34.17,-25.84,-3.09,-38.68,-110.55,114.00,-60.95
1966,-1253,434,-1249,-1375,3302,112.16,-49.16,-23.60,-12.49,-13.75,33.02,-25.39,-3.29,-38.68,-70.63,100.16,-58.28
1889,-1122,379,-1222,-1227,3410,112.46,-51.08,-18.93,-12.22,-12.27,34.10,-24.93,-3.49,-38.70,-58.61,76.66,-48.67
1882,-1079,362,-1207,-1192,3417,112.70,-52.56,-14.83,-12.07,-11.92,34.17,-24.48,-3.69,-38.73,-57.40,67.44,-42.88
1811,-892,307,-1092,-1050,3398,112.48,-52.74,-11.47,-10.92,-10.50,33.98,-24.03,-3.89,-38.77,-47.29,38.70,-34.67
1751,-747,294,-909,-970,3421,111.91,-52.03,-8.53,-9.09,-9.70,34.21,-23.58,-4.07,-38.83,-39.51,18.07,-30.45
1721,-720,301,-870,-920,3433,111.22,-51.21,-5.84,-8.70,-9.20,34.33,-23.13,-4.25,-38.89,-36.54,15.61,-28.19
1592,-622,383,-846,-761,3486,109.81,-49.89,-2.92,-8.46,-7.61,34.86,-22.68,-4.43,-38.95,-19.84,3.29,-32.04
1559,-598,394,-860,-747,3541,108.34,-48.55,-0.23,-8.60,-7.47,35.41,-22.25,-4.59,-39.03,-17.88,2.28,-30.11
1488,-509,412,-790,-642,3571,106.58,-46.80,2.31,-7.90,-6.42,35.71,-21.82,-4.75,-39.10,-10.66,-7.88,-28.94
1492,-481,395,-695,-615,3615,105.02,-45.05,4.49,-6.95,-6.15,36.15,-21.39,-4.90,-39.19,-14.50,-8.74,-25.19
1508,-477,380,-700,-621,3654,103.72,-43.46,6.36,-7.00,-6.21,36.54,-20.98,-5.03,-39.27,-19.68,-6.24,-21.93
1622,-482,328,-653,-513,3680,103.24,-42.05,7.72,-6.53,-5.13,36.80,-20.56,-5.17,-39.36,-38.25,-2.73,-16.07
1659,-491,328,-618,-447,3690,103.04,-40.84,8.95,-6.18,-4.47,36.90,-20.14,-5.30,-39.45,-44.55,1.02,-14.76
1831,-516,334,-609,-450,3780,103.90,-39.90,10.09,-6.09,-4.50,37.80,-19.72,-5.42,-39.54,-69.42,6.69,-14.05
1882,-516,329,-626,-457,3813,104.99,-39.06,11.09,-6.26,-4.57,38.13,-19.30,-5.54,-39.63,-75.41,8.36,-12.56
2045,-492,353,-646,-326,3921,106.97,-38.16,12.14,-6.46,-3.26,39.21,-18.87,-5.65,-39.73,-96.81,6.49,-13.48
2093,-492,379,-636,-299,3910,109.04,-37.34,13.23,-6.36,-2.99,39.10,-18.43,-5.77,-39.83,-100.50,8.11,-14.51
2142,-510,440,-685,-127,3997,111.20,-36.72,14.59,-6.85,-1.27,39.97,-17.98,-5.88,-39.93,-104.17,12.11,-18.23
2136,-515,462,-705,-70,4003,113.11,-36.19,15.95,-7.05,-0.70,40.03,-17.53,-5.98,-40.03,-99.94,13.94,-18.65
2091,-533,533,-747,154,3994,114.55,-35.82,17.61,-7.47,1.54,39.94,-17.07,-6.09,-40.14,-90.65,17.45,-22.90
2071,-536,551,-737,229,3988,115.73,-35.51,19.21,-7.37,2.29,39.88,-16.61,-6.19,-40.26,-85.67,18.57,-22.72
1989,-531,600,-745,327,4016,116.29,-35.20,20.95,-7.45,3.27,40.16,-16.14,-6.29,-40.37,-72.41,18.47,-25.02
1966,-527,602,-762,316,4034,116.65,-34.89,22.53,-7.62,3.16,40.34,-15.67,-6.39,-40.50,-68.53,18.50,-23.51
1872,-503,564,-774,349,4115,116.41,-34.47,23.71,-7.74,3.49,41.15,-15.21,-6.48,-40.63,-54.96,15.70,-19.02
1842,-509,547,-752,380,4095,116.00,-34.13,24.68,-7.52,3.80,40.95,-14.75,-6.58,-40.76,-51.46,17.33,-16.54
1729,-605,500,-648,607,3986,114.95,-34.41,25.26,-6.48,6.07,39.86,-14.29,-6.68,-40.89,-36.53,31.50,-11.93
1675,-669,489,-629,665,3940,113.67,-35.05,25.72,-6.29,6.65,39.40,-13.83,-6.78,-41.02,-31.01,40.12,-10.51
1577,-759,470,-586,742,3890,111.93,-36.17,26.01,-5.86,7.42,38.90,-13.39,-6.89,-41.16,-19.67,51.78,-8.57
1556,-767,469,-574,780,3869,110.22,-37.23,26.27,-5.74,7.80,38.69,-12.95,-7.00,-41.29,-19.98,51.07,-8.20
1507,-756,425,-539,805,3840,108.39,-38.12,26.24,-5.39,8.05,38.40,-12.51,-7.11,-41.43,-16.26,47.78,-4.50
1501,-746,444,-510,638,3858,106.71,-38.86,26.32,-5.10,6.38,38.58,-12.09,-7.23,-41.56,-18.81,44.94,-6.00
1488,-743,506,-433,929,3773,105.12,-39.51,26.78,-4.33,9.29,37.73,-11.67,-7.36,-41.70,-20.13,43.34,-10.76
1496,-764,526,-409,969,3716,103.73,-40.22,27.31,-4.09,9.69,37.16,-11.26,-7.49,-41.84,-24.24,45.28,-11.88
1566,-851,566,-324,1064,3636,102.91,-41.39,28.03,-3.24,10.64,36.36,-10.85,-7.62,-41.98,-36.74,56.42,-14.49
1599,-859,557,-327,1064,3604,102.37,-42.49,28.62,-3.27,10.64,36.04,-10.44,-7.76,-42.12,-43.06,55.65,-13.09
1731,-792,516,-354,1235,3633,102.70,-43.07,28.91,-3.54,12.35,36.33,-10.03,-7.90,-42.26,-62.85,44.42,-9.30
1702,-799,499,-318,1292,3629,102.81,-43.64,29.06,-3.18,12.92,36.29,-9.63,-8.05,-42.41,-58.48,44.51,-7.69
1642,-830,423,-315,1380,3551,102.54,-44.34,28.74,-3.15,13.80,35.51,-9.22,-8.20,-42.55,-50.10,48.01,-1.58
1659,-815,400,-314,1419,3535,102.41,-44.87,28.30,-3.14,14.19,35.35,-8.81,-8.35,-42.69,-53.22,44.81,-0.08
1746,-771,305,-225,1595,3450,102.82,-45.09,27.33,-2.25,15.95,34.50,-8.41,-8.51,-42.82,-65.98,37.79,6.96
1748,-778,250,-238,1733,3411,103.20,-45.33,26.12,-2.38,17.33,34.11,-7.99,-8.66,-42.95,-65.83,38.52,10.35
1723,-751,238,-217,1661,3342,103.39,-45.37,24.96,-2.17,16.61,33.42,-7.58,-8.82,-43.07,-61.93,34.41,10.15
1726,-724,239,-196,1704,3364,103.58,-45.25,23.93,-1.96,17.04,33.64,-7.17,-8.99,-43.19,-62.30,30.63,8.97
1705,-612,186,-121,1812,3323,103.62,-44.46,22.67,-1.21,18.12,33.23,-6.76,-9.15,-43.30,-59.29,15.16,12.14
1689,-591,168,-117,1846,3354,103.56,-43.62,21.43,-1.17,18.46,33.54,-6.34,-9.31,-43.40,-57.24,13.65,12.36
1576,-533,104,-90,1912,3361,102.82,-42.51,19.92,-0.90,19.12,33.61,-5.93,-9.46,-43.50,-41.69,7.01,16.19
1553,-492,86,-69,1944,3314,102.01,-41.26,18.45,-0.69,19.44,33.14,-5.52,-9.61,-43.59,-39.98,3.23,16.17
1510,-491,69,-24,1983,3420,101.02,-40.13,17.03,-0.24,19.83,34.20,-5.11,-9.76,-43.67,-35.57,5.32,16.11
1492,-495,58,-22,1980,3439,100.02,-39.14,15.68,-0.22,19.80,34.39,-4.70,-9.91,-43.74,-34.99,7.91,15.62
1438,-545,21,-45,2095,3384,98.79,-38.55,14.24,-0.45,20.95,33.84,-4.30,-10.05,-43.81,-29.35,16.74,17.24
1422,-571,16,-32,2120,3370,97.59,-38.18,12.91,-0.32,21.20,33.70,-3.91,-10.20,-43.87,-29.45,21.51,16.26
1367,-663,-22,51,2155,3266,96.17,-38.40,11.49,0.51,21.55,32.66,-3.51,-10.35,-43.92,-24.01,35.20,17.98
1352,-682,-38,51,2170,3252,94.80,-38.72,10.11,0.51,21.70,32.52,-3.12,-10.49,-43.97,-24.57,37.59,17.88
1258,-678,-73,72,2267,3204,92.99,-38.99,8.65,0.72,22.67,32.04,-2.74,-10.64,-44.01,-13.91,36.58,19.30
1216,-670,-74,81,2282,3169,91.11,-39.17,7.33,0.81,22.82,31.69,-2.37,-10.80,-44.04,-11.32,35.10,18.00
998,-690,-80,216,2302,2980,88.09,-39.47,6.11,2.16,23.02,29.80,-2.00,-10.95,-44.07,15.96,37.70,17.22
850,-729,-90,276,2278,2865,84.46,-39.97,4.95,2.76,22.78,28.65,-1.65,-11.11,-44.09,31.44,42.81,16.84
392,-769,-120,365,2133,2806,78.41,-40.66,3.72,3.65,21.33,28.06,-1.32,-11.27,-44.11,89.60,47.70,18.08
232,-766,-130,392,2056,2766,71.98,-41.27,2.56,3.92,20.56,27.66,-1.02,-11.43,-44.12,101.63,46.20,17.69
-498,-781,-179,514,1781,2535,61.75,-41.90,1.21,5.14,17.81,25.35,-0.75,-11.60,-44.12,193.39,47.39,20.42
-725,-788,-184,518,1720,2512,51.15,-42.52,-0.03,5.18,17.20,25.12,-0.53,-11.77,-44.12,207.79,47.40,19.53
-1696,-741,-138,516,1598,2493,35.69,-42.79,-0.87,5.16,15.98,24.93,-0.37,-11.94,-44.11,326.48,39.84,14.74
-1967,-713,-101,492,1591,2462,20.12,-42.86,-1.40,4.92,15.91,24.62,-0.27,-12.11,-44.11,338.25,35.55,11.04
-2931,-596,101,453,1671,2339,0.23,-42.21,-0.64,4.53,16.71,23.39,-0.25,-12.28,-44.10,447.58,19.05,-5.27
-3204,-551,177,441,1728,2295,-19.34,-41.35,0.50,4.41,17.28,22.95,-0.31,-12.45,-44.10,452.19,13.93,-10.50
-3851,-302,386,326,1942,2527,-40.90,-39.06,2.80,3.26,19.42,25.27,-0.46,-12.60,-44.11,510.12,-19.60,-25.76
-4085,-123,468,255,2064,2612,-61.72,-35.90,5.38,2.55,20.64,26.12,-0.69,-12.74,-44.13,506.51,-40.83,-29.98
-4504,177,581,174,2116,2584,-83.03,-31.23,8.39,1.74,21.16,25.84,-1.01,-12.86,-44.16,530.28,-77.66,-36.37
-4585,231,583,191,2070,2646,-102.69,-26.70,11.10,1.91,20.70,26.46,-1.41,-12.96,-44.20,505.65,-77.24,-33.66
-4764,470,432,233,1694,2806,-121.48,-21.16,12.63,2.33,16.94,28.06,-1.89,-13.04,-44.25,497.67,-103.15,-19.25
-4780,513,354,258,1631,2834,-138.49,-15.92,13.52,2.58,16.31,28.34,-2.44,-13.10,-44.31,468.26,-99.73,-11.68
-4472,670,-91,223,1109,2895,-151.92,-10.24,11.62,2.23,11.09,28.95,-3.04,-13.13,-44.35,396.25,-112.90,24.00
-4271,734,-247,220,943,2969,-162.78,-4.74,8.95,2.20,9.43,29.69,-3.69,-13.14,-44.39,345.45,-112.23,34.40
-3970,642,-830,161,240,3487,-170.72,-0.35,2.99,1.61,2.40,34.87,-4.36,-13.13,-44.40,284.96,-89.90,77.48
-3925,636,-948,163,-117,3574,-177.59,3.57,-3.09,1.63,-1.17,35.74,-5.06,-13.10,-44.38,265.54,-81.59,81.04
-3374,836,-1265,-64,-399,3576,-180.41,8.31,-10.50,-0.64,-3.99,35.76,-5.78,-13.05,-44.34,176.64,-103.14,100.05
-3171,891,-1231,-67,-587,3771,-181.72,12.91,-16.96,-0.67,-5.87,37.71,-6.49,-12.99,-44.26,143.69,-102.84,90.32
-2919,1109,-694,-258,-830,4183,-181.35,18.39,-19.50,-2.58,-8.30,41.83,-7.20,-12.91,-44.17,106.42,-125.78,42.13
-2858,1183,-697,-224,-281,4232,-180.65,23.77,-21.80,-2.24,-2.81,42.32,-7.90,-12.81,-44.07,98.91,-126.94,39.94
-2841,1255,-339,-300,29,4438,-179.91,29.04,-21.69,-3.00,0.29,44.38,-8.59,-12.69,-43.96,98.16,-128.00,9.71
-2801,1270,99,-333,-65,4604,-179.01,33.89,-18.91,-3.33,-0.65,46.04,-9.27,-12.55,-43.86,94.23,-121.21,-24.47
-2754,1280,168,-280,-60,4711,-177.91,38.31,-16.00,-2.80,-0.60,47.11,-9.96,-12.40,-43.77,89.60,-114.47,-27.23
-2385,1213,290,-198,-61,4604,-174.67,41.87,-12.63,-1.98,-0.61,46.04,-10.63,-12.23,-43.69,39.91,-97.60,-34.01
-2351,1134,275,-177,-94,4693,-171.54,44.60,-9.69,-1.77,-0.94,46.93,-11.29,-12.04,-43.61,41.08,-80.51,-29.63
-2251,616,-77,-89,-495,4412,-168.12,43.90,-9.19,-0.89,-4.95,44.12,-11.94,-11.86,-43.54,32.74,-2.96,0.71
-2177,460,-243,-20,-624,4326,-164.59,42.32,-9.75,-0.20,-6.24,43.26,-12.58,-11.69,-43.46,28.57,17.71,14.17
-1523,-144,-874,14,-1653,3797,-157.42,37.21,-14.11,0.14,-16.53,37.97,-13.20,-11.54,-43.37,-57.18,100.05,63.01
-1229,-220,-994,-27,-1875,3693,-149.17,32.14,-18.76,-0.27,-18.75,36.93,-13.79,-11.42,-43.27,-86.01,101.97,68.24
-134,-555,-1294,68,-2423,3705,-135.07,25.54,-24.78,0.68,-24.23,37.05,-14.32,-11.34,-43.15,-225.94,140.50,87.28
92,-599,-1299,52,-2607,3650,-121.00,19.34,-30.22,0.52,-26.07,36.50,-14.80,-11.29,-43.02,-233.44,135.42,81.92
1035,-466,-1406,-167,-2451,3101,-102.59,14.56,-35.78,-1.67,-24.51,31.01,-15.19,-11.26,-42.86,-342.12,106.07,85.09
2006,-196,-936,24,-1311,3098,-80.09,11.91,-37.91,0.24,-13.11,30.98,-15.49,-11.24,-42.70,-447.39,59.86,43.00
2169,-64,-723,123,-1315,3121,-58.85,10.33,-38.53,1.23,-13.15,31.21,-15.71,-11.23,-42.54,-431.87,36.73,24.28
2469,448,5,-273,-649,3573,-37.91,12.03,-34.65,-2.73,-6.49,35.73,-15.83,-11.20,-42.39,-437.87,-38.15,-33.29
2456,591,215,-419,-405,3746,-19.14,14.43,-29.87,-4.19,-4.05,37.46,-15.87,-11.16,-42.26,-400.31,-55.43,-46.04
1825,877,830,-538,793,4463,-6.09,18.34,-21.82,-5.38,7.93,44.63,-15.86,-11.11,-42.15,-279.38,-91.68,-89.63
1410,962,1061,-659,1440,4734,3.12,22.37,-13.17,-6.59,14.40,47.34,-15.81,-11.03,-42.07,-198.68,-97.06,-100.05
1308,1161,1054,-878,1808,4489,10.79,27.22,-5.42,-8.78,18.08,44.89,-15.75,-10.92,-42.01,-168.65,-118.30,-91.26
1152,1138,993,-623,1401,4852,16.74,31.44,1.18,-6.23,14.01,48.52,-15.66,-10.79,-41.98,-133.65,-106.88,-79.10
226,681,635,-988,1426,4704,16.44,32.45,4.93,-9.88,14.26,47.04,-15.57,-10.65,-41.96,6.95,-35.37,-44.80
2,566,418,-943,1416,4714,14.81,32.65,6.99,-9.43,14.16,47.14,-15.50,-10.51,-41.95,37.97,-17.53,-24.24
-1002,-88,-614,-829,898,4521,7.22,28.85,2.55,-8.29,8.98,45.21,-15.45,-10.38,-41.93,176.67,74.92,58.49
-1206,-222,-907,-786,665,4365,-0.86,24.61,-3.24,-7.86,6.65,43.65,-15.43,-10.28,-41.88,192.47,87.26,77.18
-1876,-768,-1844,-570,-624,3882,-12.22,17.47,-14.16,-5.70,-6.24,38.82,-15.46,-10.21,-41.81,273.15,156.94,144.99
-1966,-857,-2021,-424,-1221,3709,-22.99,10.49,-25.08,-4.24,-12.21,37.09,-15.54,-10.18,-41.70,266.53,157.28,148.42
-2051,-1022,-2277,-214,-2269,3355,-33.20,3.21,-36.46,-2.14,-22.69,33.55,-15.66,-10.19,-41.56,260.23,168.66,158.05
-1948,-1002,-2516,-568,-2483,3194,-41.76,-3.22,-48.16,-5.68,-24.83,31.94,-15.81,-10.25,-41.37,228.40,153.46,165.89
-1341,-630,-2477,-219,-2341,2825,-45.77,-6.74,-58.45,-2.19,-23.41,28.25,-15.97,-10.33,-41.16,128.36,90.12,151.66
-1473,-586,-2144,-318,-2565,2938,-50.18,-9.64,-65.69,-3.18,-25.65,29.38,-16.14,-10.43,-40.91,140.25,77.98,115.77
-1538,-552,-2004,-327,-2693,3007,-54.54,-12.05,-71.34,-3.27,-26.93,30.07,-16.33,-10.55,-40.65,142.02,68.32,97.90
-1704,-88,-1404,-262,-2484,3183,-59.48,-11.38,-72.77,-2.62,-24.84,31.83,-16.53,-10.66,-40.38,158.11,-1.10,45.53
-2136,417,-635,-372,-2317,3163,-66.56,-7.70,-69.37,-3.72,-23.17,31.63,-16.76,-10.76,-40.12,210.73,-71.07,-16.04
-2273,544,-458,-398,-2302,3170,-73.77,-3.61,-65.23,-3.98,-23.02,31.70,-17.03,-10.84,-39.88,218.15,-82.64,-26.68
-2395,1256,82,-460,-2006,3128,-81.00,4.41,-58.20,-4.60,-20.06,31.28,-17.32,-10.88,-39.65,223.25,-176.00,-65.01
-2640,1712,422,-687,-1770,3786,-89.01,14.41,-49.81,-6.87,-17.70,37.86,-17.64,-10.86,-39.44,245.66,-226.61,-84.95
-2703,1854,475,-760,-1713,3924,-96.60,24.28,-41.93,-7.60,-17.13,39.24,-18.00,-10.81,-39.25,241.13,-229.61,-81.11
-2957,1980,570,-995,-1808,3787,-104.97,33.93,-34.26,-9.95,-18.08,37.87,-18.39,-10.70,-39.07,264.26,-230.62,-81.05
-2984,1910,543,-983,-1860,3936,-112.68,42.19,-27.52,-9.83,-18.60,39.36,-18.82,-10.56,-38.91,254.07,-204.40,-71.64
-3133,1586,380,-968,-1874,4406,-120.52,47.65,-22.45,-9.68,-18.74,44.06,-19.28,-10.39,-38.76,262.24,-144.77,-52.48
-3107,1042,213,-874,-2121,4341,-127.42,49.24,-18.91,-8.74,-21.21,43.41,-19.77,-10.21,-38.62,245.52,-58.91,-34.59
-3062,854,151,-817,-2202,4269,-133.36,49.52,-16.10,-8.17,-22.02,42.69,-20.28,-10.03,-38.49,227.76,-29.82,-26.37
-2598,77,-85,-476,-2701,3701,-135.87,45.04,-15.00,-4.76,-27.01,37.01,-20.82,-9.87,-38.38,152.60,80.08,-5.23
-1616,-702,-408,-488,-3091,2971,-132.14,36.25,-15.99,-4.88,-30.91,29.71,-21.34,-9.75,-38.26,10.25,182.16,21.08
-1176,-836,-492,-493,-3244,2680,-126.10,27.53,-17.39,-4.93,-32.44,26.80,-21.85,-9.67,-38.16,-45.08,186.01,26.70
275,-1482,-736,-614,-3544,2270,-111.81,15.74,-20.14,-6.14,-35.44,22.70,-22.29,-9.63,-38.06,-239.00,262.16,44.45
1356,-1807,-836,-740,-3655,2144,-92.36,3.14,-23.23,-7.40,-36.55,21.44,-22.66,-9.65,-37.97,-366.76,287.88,49.65
1936,-1635,-792,-711,-3629,2367,-71.31,-7.15,-25.74,-7.11,-36.29,23.67,-22.95,-9.70,-37.89,-415.16,242.20,43.26
2663,-735,-381,-843,-3183,2763,-47.94,-10.92,-25.49,-8.43,-31.83,27.63,-23.14,-9.77,-37.82,-481.63,97.86,8.69
2791,-403,-216,-935,-3084,2774,-26.12,-12.28,-24.26,-9.35,-30.84,27.74,-23.25,-9.84,-37.75,-459.75,44.69,-3.99
2975,708,569,-996,-2362,3370,-5.36,-6.74,-18.36,-9.96,-23.62,33.70,-23.27,-9.88,-37.69,-448.48,-114.21,-64.26
2240,1493,1204,-1074,-1356,4617,8.84,3.04,-9.18,-10.74,-13.56,46.17,-23.22,-9.87,-37.65,-309.53,-215.40,-108.34
1972,1811,1387,-1152,-1024,4852,19.99,13.79,0.20,-11.52,-10.24,48.52,-23.13,-9.80,-37.63,-247.61,-243.60,-113.91
1236,2039,1728,-1419,-703,3954,25.53,24.85,10.72,-14.19,-7.03,39.54,-23.02,-9.68,-37.63,-124.95,-257.50,-131.66
1113,1891,1744,-1212,-595,4062,29.76,33.90,20.29,-12.12,-5.95,40.62,-22.90,-9.50,-37.65,-98.25,-217.90,-122.89
150,1219,1603,-1139,-317,5113,27.70,37.94,28.04,-11.39,-3.17,51.13,-22.78,-9.31,-37.69,44.63,-107.89,-102.73
-500,269,729,-1114,-475,4970,21.88,35.79,29.68,-11.14,-4.75,49.70,-22.69,-9.12,-37.75,132.67,32.78,-26.94
-798,-325,579,-960,-803,4891,14.83,30.23,30.24,-9.60,-8.03,48.91,-22.63,-8.94,-37.81,164.71,112.72,-13.63
-508,-1297,-243,-920,-1632,4119,10.24,19.29,25.74,-9.20,-16.32,41.19,-22.60,-8.82,-37.88,111.79,240.15,51.25
-194,-1460,-496,-879,-1836,3918,8.04,8.46,20.14,-8.79,-18.36,39.18,-22.58,-8.74,-37.94,59.71,244.44,66.76
968,-2092,-1206,-505,-2373,3323,13.14,-5.15,10.77,-5.05,-23.73,33.23,-22.55,-8.72,-37.99,-107.86,315.04,116.99
1216,-2233,-1339,-520,-2529,3074,19.24,-18.26,1.52,-5.20,-25.29,30.74,-22.49,-8.78,-38.02,-134.15,311.75,118.48
2349,-2275,-1672,-587,-3599,2357,31.65,-30.31,-8.83,-5.87,-35.99,23.57,-22.38,-8.89,-38.04,-283.51,295.41,135.73
3347,-2353,-1499,-548,-2961,1277,48.90,-41.63,-17.09,-5.48,-29.61,12.77,-22.20,-9.07,-38.04,-403.15,285.97,112.33
3450,-2423,-1468,-116,-2599,1935,65.05,-52.25,-24.34,-1.16,-25.99,19.35,-21.96,-9.29,-38.03,-388.42,276.68,102.03
4082,-1421,-802,-401,-2402,2215,83.45,-55.69,-26.79,-4.01,-24.02,22.15,-21.64,-9.53,-38.02,-450.17,117.51,43.00
3839,-609,114,-595,-2401,2480,98.52,-53.84,-23.42,-5.95,-24.01,24.80,-21.25,-9.75,-38.01,-384.82,-2.66,-31.04
3798,-211,529,-505,-2109,2543,111.84,-49.74,-17.85,-5.05,-21.09,25.43,-20.82,-9.95,-38.02,-353.63,-55.46,-60.30
3489,387,1221,-632,-1032,3294,121.94,-42.41,-8.62,-6.32,-10.32,32.94,-20.34,-10.10,-38.05,-287.70,-132.66,-109.15
3425,550,1355,-654,-664,3494,130.64,-34.81,0.51,-6.54,-6.64,34.94,-19.81,-10.22,-38.10,-261.81,-143.06,-110.83
3255,1288,1848,-682,761,3868,137.43,-23.47,11.73,-6.82,7.61,38.68,-19.26,-10.28,-38.17,-223.39,-234.09,-140.71
2424,1127,2174,-1065,409,3710,138.47,-14.25,23.82,-10.65,4.09,37.10,-18.72,-10.29,-38.28,-95.04,-192.06,-155.52
2471,1060,1984,-1133,454,3550,139.70,-6.36,33.54,-11.33,4.54,35.50,-18.17,-10.26,-38.41,-100.25,-166.92,-129.12
2347,733,1652,-817,1010,4562,140.04,-1.25,40.26,-8.17,10.10,45.62,-17.62,-10.21,-38.57,-81.04,-107.42,-93.86
2062,331,1049,-1036,1670,4465,138.62,0.89,42.64,-10.36,16.70,44.65,-17.08,-10.15,-38.73,-40.64,-42.09,-40.24
2000,216,840,-1112,1726,4471,136.96,2.12,43.50,-11.12,17.26,44.71,-16.55,-10.08,-38.90,-34.68,-22.27,-21.61
1745,-177,-25,-991,1582,4277,133.90,0.83,38.99,-9.91,15.82,42.77,-16.03,-10.02,-39.04,-1.92,35.18,46.92
1730,-307,-411,-914,1370,4333,131.07,-1.13,32.59,-9.14,13.70,43.33,-15.51,-9.98,-39.17,-5.35,51.27,72.85
1667,-506,-916,-825,843,4082,128.13,-4.10,23.74,-8.25,8.43,40.82,-15.00,-9.96,-39.26,-1.64,75.97,106.28
1688,-527,-955,-769,674,4041,125.61,-6.91,15.54,-7.69,6.74,40.41,-14.49,-9.96,-39.33,-9.94,73.86,100.91
1671,-596,-868,-574,31,3938,123.24,-9.85,8.69,-5.74,0.31,39.38,-14.00,-9.98,-39.37,-12.16,78.82,86.29
1684,-590,-787,-535,-79,3872,121.19,-12.46,3.02,-5.35,-0.79,38.72,-13.51,-10.01,-39.39,-18.36,72.97,73.42
1670,-647,-205,-327,-472,3734,119.26,-15.16,1.47,-3.27,-4.72,37.34,-13.03,-10.05,-39.41,-20.20,76.58,22.47
1659,-644,-55,-562,5,3615,117.45,-17.58,0.99,-5.62,0.05,36.15,-12.55,-10.10,-39.43,-22.26,71.59,9.25
1589,-590,221,-426,300,3558,115.40,-19.42,2.24,-4.26,3.00,35.58,-12.08,-10.17,-39.46,-15.78,59.91,-12.80
1554,-561,316,-498,314,3588,113.34,-20.90,3.94,-4.98,3.14,35.88,-11.62,-10.23,-39.49,-14.65,52.72,-19.05
1380,-341,578,-599,825,3687,110.42,-20.89,7.07,-5.99,8.25,36.87,-11.17,-10.30,-39.53,6.07,19.24,-37.92
1254,-267,690,-645,1212,3663,107.03,-20.43,10.57,-6.45,12.12,36.63,-10.74,-10.36,-39.58,18.57,8.86,-43.70
934,-154,675,-679,1927,3773,102.03,-19.32,13.63,-6.79,19.27,37.73,-10.33,-10.42,-39.65,57.62,-6.24,-39.18
837,-137,650,-562,1825,3741,96.93,-18.23,16.24,-5.62,18.25,37.41,-9.94,-10.47,-39.73,62.50,-6.72,-34.30
451,-195,685,-641,2002,3989,89.99,-17.59,18.79,-6.41,20.02,39.89,-9.58,-10.52,-39.81,107.98,3.36,-34.55
336,-216,613,-633,2112,3905,83.04,-17.15,20.65,-6.33,21.12,39.05,-9.24,-10.57,-39.90,112.14,7.43,-26.48
-37,-366,199,-578,2104,3842,74.51,-17.67,19.80,-5.78,21.04,38.42,-8.95,-10.62,-39.99,152.67,29.35,7.71
-129,-405,57,-530,2004,3872,66.27,-18.37,18.17,-5.30,20.04,38.72,-8.68,-10.67,-40.07,150.92,34.01,18.01
-405,-530,-429,-399,1589,3683,57.17,-19.77,13.73,-3.99,15.89,36.83,-8.45,-10.73,-40.13,175.62,50.47,54.50
-469,-558,-520,-361,1425,3657,48.60,-21.20,9.19,-3.61,14.25,36.57,-8.25,-10.80,-40.18,169.00,52.08,57.40
-680,-597,-688,-213,740,3472,39.59,-22.72,4.07,-2.13,7.40,34.72,-8.08,-10.88,-40.21,184.01,55.20,66.22
-785,-582,-678,-155,468,3413,30.84,-24.00,-0.47,-1.55,4.68,34.13,-7.94,-10.96,-40.22,183.37,50.54,60.56
-1019,-495,-460,-92,133,3312,21.54,-24.62,-3.23,-0.92,1.33,33.12,-7.85,-11.05,-40.22,201.37,36.16,39.17
-1074,-460,-374,-81,54,3313,12.83,-24.96,-5.19,-0.81,0.54,33.13,-7.78,-11.14,-40.21,193.23,30.23,29.81
-1231,-293,30,-75,7,3382,4.04,-24.25,-4.49,-0.75,0.07,33.82,-7.76,-11.22,-40.20,200.50,6.16,-3.67
-1263,-248,123,-70,128,3348,-4.07,-23.34,-3.29,-0.70,1.28,33.48,-7.76,-11.30,-40.20,190.03,1.07,-10.28
-1303,-111,297,-53,482,3373,-11.61,-21.68,-1.15,-0.53,4.82,33.73,-7.79,-11.38,-40.20,181.87,-16.63,-22.76
-1309,-95,325,-51,509,3403,-18.43,-20.09,0.95,-0.51,5.09,34.03,-7.86,-11.45,-40.21,169.90,-16.02,-22.91
-1302,-18,350,-140,765,3538,-24.53,-18.19,2.99,-1.40,7.65,35.38,-7.94,-11.51,-40.23,157.34,-24.12,-22.87
-1287,8,336,-164,842,3570,-29.93,-16.33,4.74,-1.64,8.42,35.70,-8.05,-11.56,-40.26,144.90,-24.51,-19.82
-1055,170,88,-288,1013,3688,-33.37,-13.66,4.80,-2.88,10.13,36.88,-8.18,-11.60,-40.28,103.08,-44.13,1.26
-916,215,36,-274,742,3849,-35.62,-10.98,4.54,-2.74,7.42,38.49,-8.31,-11.63,-40.30,77.71,-45.91,5.39
-729,172,-156,-280,899,4086,-36.51,-8.83,3.14,-2.80,8.99,40.86,-8.44,-11.65,-40.32,47.60,-35.27,20.17
-720,127,-215,-277,892,4160,-37.25,-7.17,1.51,-2.77,8.92,41.60,-8.58,-11.67,-40.33,44.92,-25.25,23.45
-677,-73,-392,-224,675,4100,-37.65,-6.90,-1.03,-2.24,6.75,41.00,-8.72,-11.69,-40.32,37.68,5.77,35.75
-635,-120,-422,-191,629,4085,-37.76,-6.94,-3.50,-1.91,6.29,40.85,-8.85,-11.71,-40.31,31.16,12.87,35.67
-367,-221,-444,-171,395,3914,-36.22,-7.60,-5.86,-1.71,3.95,39.14,-8.98,-11.73,-40.29,-6.71,27.05,35.04
-267,-214,-434,-179,325,3906,-34.23,-8.14,-7.92,-1.79,3.25,39.06,-9.10,-11.75,-40.26,-18.11,24.97,32.01
48,-130,-347,-236,172,3926,-30.51,-8.12,-9.25,-2.36,1.72,39.26,-9.20,-11.78,-40.23,-59.04,12.21,23.23
108,-109,-318,-242,140,3952,-26.80,-7.97,-10.26,-2.42,1.40,39.52,-9.29,-11.80,-40.19,-61.10,9.31,19.69
367,-114,-298,-216,33,4076,-21.88,-7.87,-11.05,-2.16,0.33,40.76,-9.36,-11.82,-40.15,-91.24,10.28,17.16
520,-135,-321,-187,71,4064,-16.52,-7.91,-11.91,-1.87,0.71,40.64,-9.41,-11.85,-40.10,-104.39,13.43,18.20
941,-213,-300,-108,263,3973,-9.13,-8.42,-12.55,-1.08,2.63,39.73,-9.42,-11.88,-40.05,-154.58,24.38,15.74
1072,-233,-284,-83,272,3911,-1.68,-9.00,-13.02,-0.83,2.72,39.11,-9.41,-11.91,-40.00,-160.45,26.35,13.87
1498,-295,-255,-72,404,3863,7.63,-9.90,-13.28,-0.72,4.04,38.63,-9.35,-11.95,-39.95,-207.83,34.13,11.14
1577,-301,-244,-63,441,3836,16.48,-10.74,-13.44,-0.63,4.41,38.36,-9.26,-11.99,-39.90,-203.16,33.47,10.04
1699,-315,-196,-57,595,3757,25.20,-11.59,-13.29,-0.57,5.95,37.57,-9.14,-12.03,-39.86,-205.34,34.03,6.12
1696,-315,-176,-42,656,3709,33.02,-12.35,-13.03,-0.42,6.56,37.09,-8.98,-12.08,-39.81,-190.16,32.61,4.69
1736,-243,-134,-39,737,3595,40.31,-12.60,-12.55,-0.39,7.37,35.95,-8.79,-12.13,-39.76,-182.58,21.20,1.64
1782,-212,-139,-40,782,3565,47.15,-12.63,-12.14,-0.40,7.82,35.65,-8.58,-12.17,-39.72,-176.79,16.44,2.50
1899,-145,-146,15,985,3618,54.02,-12.25,-11.82,0.15,9.85,36.18,-8.34,-12.22,-39.67,-181.78,6.97,3.43
1978,-89,-126,-20,1038,3539,60.68,-11.57,-11.40,-0.20,10.38,35.39,-8.07,-12.27,-39.63,-181.38,-0.25,2.17
1892,-124,-38,42,1175,3545,66.16,-11.17,-10.50,0.42,11.75,35.45,-7.78,-12.31,-39.59,-158.09,5.88,-4.33
1819,-153,-15,50,1188,3526,70.64,-10.99,-9.54,0.50,11.88,35.26,-7.48,-12.35,-39.55,-138.68,10.68,-5.27
1638,-220,7,-24,1241,3526,73.56,-11.23,-8.54,-0.24,12.41,35.26,-7.16,-12.39,-39.52,-105.74,20.46,-6.08
1636,-200,8,-84,1298,3535,76.19,-11.33,-7.64,-0.84,12.98,35.35,-6.83,-12.43,-39.49,-100.68,17.25,-5.21
1671,-119,64,-95,1496,3504,78.76,-10.92,-6.48,-0.95,14.96,35.04,-6.50,-12.47,-39.47,-101.36,5.70,-8.74
1665,-124,74,-60,1512,3497,81.04,-10.58,-5.38,-0.60,15.12,34.97,-6.15,-12.51,-39.45,-96.36,7.12,-8.42
1629,-184,61,-22,1619,3444,82.88,-10.65,-4.47,-0.22,16.19,34.44,-5.80,-12.55,-39.43,-87.63,16.17,-6.36
1613,-196,59,-23,1671,3414,84.43,-10.78,-3.67,-0.23,16.71,34.14,-5.44,-12.59,-39.42,-82.49,17.78,-5.33
1670,-168,56,-34,1750,3248,86.17,-10.73,-2.96,-0.34,17.50,32.48,-5.08,-12.63,-39.40,-88.12,13.64,-4.33
1665,-146,45,2,1796,3308,87.71,-10.54,-2.39,0.02,17.96,33.08,-4.71,-12.66,-39.39,-84.68,10.65,-2.80
1593,-94,16,-47,1873,3256,88.66,-10.06,-2.05,-0.47,18.73,32.56,-4.33,-12.70,-39.38,-72.16,3.66,0.02
1577,-83,9,-34,1910,3265,89.41,-9.56,-1.79,-0.34,19.10,32.65,-3.96,-12.73,-39.38,-68.54,2.95,0.88
1615,-72,-9,11,1989,3180,90.32,-9.05,-1.67,0.11,19.89,31.80,-3.58,-12.76,-39.37,-72.86,2.27,2.54
1665,-64,-19,3,2001,3190,91.45,-8.53,-1.62,0.03,20.01,31.90,-3.19,-12.79,-39.36,-78.61,2.04,3.44
1790,-51,-32,2,2120,3222,93.22,-7.99,-1.65,0.02,21.20,32.22,-2.80,-12.82,-39.35,-94.57,1.11,4.51
1762,-74,-23,14,2150,3258,94.65,-7.64,-1.63,0.14,21.50,32.58,-2.40,-12.84,-39.34,-87.86,5.29,3.77
1644,-160,-1,31,2163,3164,95.21,-7.85,-1.47,0.31,21.63,31.64,-2.00,-12.87,-39.33,-69.06,18.02,2.07
1615,-184,3,58,2186,3132,95.54,-8.19,-1.30,0.58,21.86,31.32,-1.60,-12.90,-39.32,-64.28,21.06,1.90
1681,-196,36,100,2286,2869,96.24,-8.57,-0.95,1.00,22.86,28.69,-1.20,-12.93,-39.32,-73.28,22.20,-0.52
1677,-204,54,79,2278,2925,96.85,-8.96,-0.53,0.79,22.78,29.25,-0.79,-12.96,-39.31,-71.79,22.70,-1.60
1568,-178,73,17,2369,2847,96.73,-9.15,-0.03,0.17,23.69,28.47,-0.39,-12.99,-39.31,-55.66,18.40,-2.68
1528,-165,79,26,2372,2814,96.37,-9.24,0.45,0.26,23.72,28.14,0.01,-13.03,-39.31,-50.50,16.26,-2.67
1331,-107,53,15,2365,2772,94.86,-8.97,0.73,0.15,23.65,27.72,0.41,-13.06,-39.30,-23.59,7.95,-0.18
1269,-87,42,15,2402,2764,93.11,-8.60,0.92,0.15,24.02,27.64,0.80,-13.09,-39.30,-17.70,5.62,0.95
1038,-40,29,13,2482,2741,90.13,-7.98,1.00,0.13,24.82,27.41,1.18,-13.11,-39.30,11.64,-0.37,2.14
980,-35,29,18,2505,2755,87.10,-7.40,1.08,0.18,25.05,27.55,1.55,-13.14,-39.30,14.49,-0.01,2.22
857,-65,23,116,2534,2645,83.61,-7.06,1.11,1.16,25.34,26.45,1.90,-13.16,-39.30,26.42,5.24,2.76
851,-80,15,135,2534,2652,80.44,-6.84,1.09,1.35,25.34,26.52,2.24,-13.19,-39.30,21.11,7.95,3.42
920,-89,-12,117,2561,2570,78.01,-6.70,0.91,1.17,25.61,25.70,2.57,-13.21,-39.30,5.76,9.61,5.52
977,-73,-11,109,2573,2575,76.17,-6.47,0.75,1.09,25.73,25.75,2.89,-13.23,-39.30,-6.63,7.61,5.26
866,-84,28,61,2613,2601,73.84,-6.34,0.85,0.61,26.13,26.01,3.20,-13.25,-39.30,5.67,9.55,2.06
765,-105,47,61,2640,2604,71.12,-6.34,1.05,0.61,26.40,26.04,3.50,-13.28,-39.29,15.72,12.76,0.66
632,-74,115,71,2724,2340,67.86,-6.16,1.64,0.71,27.24,23.40,3.79,-13.30,-39.29,29.65,8.39,-4.46
605,-69,126,127,2749,2342,64.77,-5.97,2.25,1.27,27.49,23.42,4.07,-13.32,-39.30,27.72,8.01,-4.76
410,-58,111,75,2800,2452,60.79,-5.72,2.70,0.75,28.00,24.52,4.33,-13.34,-39.30,49.76,6.81,-3.01
330,-44,100,67,2816,2369,56.72,-5.42,3.04,0.67,28.16,23.69,4.57,-13.36,-39.31,54.09,5.26,-1.71
94,-24,58,40,2855,2415,51.63,-5.02,3.09,0.40,28.55,24.15,4.79,-13.37,-39.32,80.28,2.97,1.90
42,-15,49,32,2853,2373,46.72,-4.61,3.08,0.32,28.53,23.73,5.00,-13.39,-39.32,78.78,2.39,2.65
-68,-8,4,72,2818,2408,41.63,-4.20,2.80,0.72,28.18,24.08,5.18,-13.40,-39.33,85.80,2.11,6.16
-80,-3,-18,63,2825,2388,36.98,-3.80,2.41,0.63,28.25,23.88,5.34,-13.42,-39.33,78.72,2.12,7.61
-102,-8,-30,82,2815,2393,32.66,-3.47,1.98,0.82,28.15,23.93,5.49,-13.43,-39.34,73.79,3.51,8.18
-112,2,-30,91,2801,2374,28.71,-3.11,1.60,0.91,28.01,23.74,5.62,-13.44,-39.34,67.75,2.68,7.78
-246,20,-16,112,2770,2351,24.34,-2.68,1.34,1.12,27.70,23.51,5.74,-13.44,-39.34,79.83,0.76,6.32
-307,23,-10,106,2750,2356,20.03,-2.27,1.15,1.06,27.50,23.56,5.84,-13.45,-39.34,80.91,1.07,5.60
-599,38,18,56,2731,2465,14.38,-1.81,1.14,0.56,27.31,24.65,5.91,-13.45,-39.34,114.67,-0.34,3.23
-752,47,38,18,2709,2509,8.35,-1.34,1.26,0.18,27.09,25.09,5.96,-13.46,-39.34,126.56,-0.83,1.66
-1319,40,79,-16,2614,2691,-0.53,-0.96,1.62,-0.16,26.14,26.91,5.98,-13.45,-39.34,196.20,0.95,-1.44
-1528,22,85,-17,2583,2715,-9.80,-0.73,1.97,-0.17,25.83,27.15,5.95,-13.45,-39.34,210.53,4.14,-1.57
-2408,-101,117,7,2573,2745,-23.51,-1.28,2.49,0.07,25.73,27.45,5.88,-13.45,-39.35,318.82,21.87,-3.73
-2876,-189,136,20,2514,2732,-38.70,-2.30,3.07,0.20,25.14,27.32,5.74,-13.46,-39.35,361.51,33.35,-4.73
-3762,-282,102,81,2386,2812,-57.78,-3.79,3.39,0.81,23.86,28.12,5.52,-13.47,-39.36,460.63,44.71,-1.51
-3942,-276,85,102,2369,2802,-76.05,-5.10,3.57,1.02,23.69,28.02,5.23,-13.49,-39.37,453.67,41.34,0.12
-4233,-151,-7,115,2136,2847,-94.26,-5.51,3.17,1.15,21.36,28.47,4.87,-13.50,-39.38,463.78,21.51,7.49
-4187,-78,-32,98,2096,2877,-110.38,-5.43,2.65,0.98,20.96,28.77,4.44,-13.52,-39.38,426.53,10.53,9.07
-3892,192,-52,26,1873,3134,-123.08,-3.72,2.07,0.26,18.73,31.34,3.97,-13.53,-39.39,357.80,-27.39,10.14
-4022,131,-55,94,1812,3459,-135.31,-2.55,1.53,0.94,18.12,34.59,3.44,-13.53,-39.39,354.81,-15.87,9.82
-4133,224,-92,47,1507,3421,-146.99,-0.93,0.82,0.47,15.07,34.21,2.87,-13.53,-39.39,349.99,-26.99,12.20
-4066,241,-101,91,1431,3443,-157.09,0.64,0.12,0.91,14.31,34.43,2.26,-13.51,-39.38,321.04,-26.63,12.23
-3647,288,-133,161,1226,3487,-163.63,2.33,-0.71,1.61,12.26,34.87,1.62,-13.49,-39.38,245.19,-30.60,14.06
-3421,321,-154,72,1121,3494,-168.13,4.06,-1.57,0.72,11.21,34.94,0.96,-13.47,-39.37,202.62,-32.38,14.92
-2825,382,-173,29,1008,3702,-168.55,5.98,-2.47,0.29,10.08,37.02,0.30,-13.43,-39.35,111.37,-38.06,15.58
-2669,389,-178,28,953,3704,-167.98,7.75,-3.31,0.28,9.53,37.04,-0.35,-13.39,-39.34,89.10,-35.80,15.12
-2140,382,-203,14,829,3820,-164.23,9.31,-4.22,0.14,8.29,38.20,-0.99,-13.34,-39.32,15.94,-31.82,16.27
-2006,369,-207,-3,804,3830,-160.05,10.63,-5.06,-0.03,8.04,38.30,-1.61,-13.28,-39.29,3.85,-27.37,15.72
-1546,318,-233,-78,654,3939,-153.47,11.51,-5.97,-0.78,6.54,39.39,-2.21,-13.22,-39.26,-53.46,-17.97,16.95
-1431,306,-244,-86,632,3953,-146.86,12.22,-6.87,-0.86,6.32,39.53,-2.78,-13.16,-39.23,-58.08,-14.83,16.93
-1056,237,-277,-60,543,4004,-138.61,12.45,-7.87,-0.60,5.43,40.04,-3.31,-13.10,-39.19,-99.30,-3.92,18.66
-986,201,-283,-43,529,4005,-130.77,12.43,-8.81,-0.43,5.29,40.05,-3.82,-13.04,-39.15,-94.79,1.49,18.17
-896,26,-288,4,422,3983,-123.15,11.34,-9.68,0.04,4.22,39.83,-4.29,-12.98,-39.10,-93.78,26.09,17.67
-925,-40,-284,-1,352,3937,-116.48,9.96,-10.45,-0.01,3.52,39.37,-4.73,-12.93,-39.06,-76.43,33.51,16.51
-775,5,-240,-49,268,3585,-109.56,9.00,-10.87,-0.49,2.68,35.85,-5.15,-12.88,-39.01,-85.92,24.79,12.34
-741,-7,-220,11,282,3564,-103.12,8.06,-11.12,0.11,2.82,35.64,-5.54,-12.84,-38.96,-78.66,24.80,10.37
-970,-8,-174,-73,123,3816,-98.73,7.20,-11.07,-0.73,1.23,38.16,-5.92,-12.80,-38.91,-35.16,23.31,6.52
-1067,-3,-167,-58,104,3756,-95.36,6.46,-10.98,-0.58,1.04,37.56,-6.28,-12.77,-38.86,-13.76,21.12,6.02
-1486,-4,-115,-36,45,3822,-94.89,5.79,-10.59,-0.36,0.45,38.22,-6.64,-12.73,-38.81,51.27,19.98,2.03
-1585,-1,-99,-35,16,3761,-95.07,5.21,-10.13,-0.35,0.16,37.61,-7.00,-12.70,-38.76,66.27,18.40,1.15
-1887,5,-50,-29,-88,3858,-97.08,4.72,-9.42,-0.29,-0.88,38.58,-7.37,-12.67,-38.72,108.77,16.53,-2.26
-1941,18,-41,-45,-121,3819,-99.21,4.36,-8.73,-0.45,-1.21,38.19,-7.75,-12.64,-38.68,113.22,13.85,-2.29
-2081,40,0,-12,-205,3860,-101.98,4.16,-7.86,-0.12,-2.05,38.60,-8.15,-12.61,-38.64,129.58,10.11,-4.84
-2106,43,14,-4,-277,3815,-104.63,4.01,-6.99,-0.04,-2.77,38.15,-8.56,-12.58,-38.61,128.64,9.34,-5.11
-2141,41,19,-55,-428,3877,-107.23,3.86,-6.17,-0.55,-4.28,38.77,-8.97,-12.55,-38.58,129.34,9.34,-4.67
-2143,54,21,-74,-449,3892,-109.58,3.80,-5.43,-0.74,-4.49,38.92,-9.40,-12.53,-38.56,125.48,7.23,-4.06
-2162,82,36,-52,-611,3884,-111.81,3.92,-4.66,-0.52,-6.11,38.84,-9.85,-12.50,-38.54,124.44,3.17,-4.52
-2160,86,35,-39,-644,3884,-113.80,4.05,-3.98,-0.39,-6.44,38.84,-10.30,-12.46,-38.52,120.65,2.79,-3.72
-2110,83,36,-15,-763,3854,-115.29,4.16,-3.37,-0.15,-7.63,38.54,-10.76,-12.43,-38.50,110.51,3.42,-3.15
-2059,92,32,-25,-794,3853,-116.32,4.30,-2.83,-0.25,-7.94,38.53,-11.22,-12.40,-38.49,101.09,2.30,-2.25
-1703,172,20,-47,-860,3822,-115.08,4.92,-2.43,-0.47,-8.60,38.22,-11.68,-12.36,-38.47,49.45,-8.75,-0.80
-1582,196,15,-51,-882,3832,-113.22,5.62,-2.09,-0.51,-8.82,38.32,-12.13,-12.33,-38.46,34.82,-11.10,-0.03
-1170,230,-29,-93,-969,3940,-109.04,6.46,-2.06,-0.93,-9.69,39.40,-12.57,-12.29,-38.45,-19.80,-14.72,3.73
-1108,170,-61,-91,-985,4103,-104.89,6.85,-2.23,-0.91,-9.85,41.03,-12.98,-12.24,-38.43,-21.13,-4.86,6.27
-923,112,-132,-118,-1057,3957,-100.03,6.85,-2.81,-1.18,-10.57,39.57,-13.38,-12.20,-38.42,-39.87,3.95,11.66
-816,114,-148,-125,-1079,4017,-95.01,6.86,-3.43,-1.25,-10.79,40.17,-13.76,-12.16,-38.40,-46.42,3.64,12.36
-414,108,-187,-94,-1137,3937,-88.03,6.84,-4.23,-0.94,-11.37,39.37,-14.11,-12.12,-38.37,-94.28,4.47,14.82
-330,102,-197,-104,-1139,3977,-81.24,6.77,-5.01,-1.04,-11.39,39.77,-14.43,-12.08,-38.35,-94.02,5.25,14.84
-80,71,-215,-112,-1186,3948,-73.61,6.53,-5.82,-1.12,-11.86,39.48,-14.72,-12.04,-38.32,-117.49,9.49,15.50
-32,62,-211,-112,-1179,3958,-66.44,6.25,-6.52,-1.12,-11.79,39.58,-14.99,-12.01,-38.29,-111.07,10.32,14.41
37,11,-208,-118,-1183,3911,-59.57,5.70,-7.14,-1.18,-11.83,39.11,-15.22,-11.97,-38.25,-108.42,17.01,13.50
55,12,-197,-117,-1211,3953,-53.28,5.20,-7.63,-1.17,-12.11,39.53,-15.43,-11.94,-38.22,-99.11,15.90,12.05
384,97,-163,-72,-1190,3872,-45.61,5.27,-7.86,-0.72,-11.90,38.72,-15.61,-11.91,-38.18,-134.64,3.06,8.92
388,87,-177,-170,-1160,3820,-38.68,5.28,-8.15,-1.70,-11.60,38.20,-15.75,-11.89,-38.14,-122.03,4.57,9.80
309,41,-202,-187,-1180,3871,-32.93,5.00,-8.57,-1.87,-11.80,38.71,-15.88,-11.86,-38.10,-99.01,11.04,11.47
286,23,-200,-164,-1176,3855,-27.89,4.64,-8.93,-1.64,-11.76,38.55,-15.98,-11.83,-38.06,-85.89,13.09,10.91
213,-10,-176,-115,-1187,3792,-23.80,4.11,-9.11,-1.15,-11.87,37.92,-16.07,-11.81,-38.02,-66.96,17.11,8.68
202,-20,-161,-104,-1183,3777,-20.19,3.58,-9.18,-1.04,-11.83,37.77,-16.15,-11.79,-37.98,-58.39,17.61,7.33
175,-14,-89,-132,-1188,3733,-17.10,3.14,-8.81,-1.32,-11.88,37.33,-16.21,-11.77,-37.95,-48.38,15.84,1.63
170,-7,-70,-145,-1202,3736,-14.36,2.78,-8.35,-1.45,-12.02,37.36,-16.26,-11.75,-37.91,-42.38,14.09,0.50
156,35,-6,-128,-1211,3685,-11.97,2.72,-7.56,-1.28,-12.11,36.85,-16.31,-11.73,-37.88,-35.70,7.55,-4.08
157,39,13,-106,-1192,3661,-9.81,2.68,-6.72,-1.06,-11.92,36.61,-16.34,-11.71,-37.85,-31.74,6.86,-4.81
199,47,63,-127,-1173,3656,-7.62,2.70,-5.66,-1.27,-11.73,36.56,-16.37,-11.68,-37.82,-33.97,5.66,-7.93
241,52,74,-124,-1130,3652,-5.39,2.75,-4.65,-1.24,-11.30,36.52,-16.39,-11.66,-37.80,-36.14,4.97,-7.79
356,86,96,-113,-975,3634,-2.68,3.00,-3.60,-1.13,-9.75,36.34,-16.39,-11.64,-37.79,-48.54,0.24,-8.54
397,103,97,-130,-956,3652,0.01,3.33,-2.65,-1.30,-9.56,36.52,-16.39,-11.61,-37.77,-49.70,-1.75,-7.62
535,181,63,-187,-867,3720,3.28,4.10,-2.00,-1.87,-8.67,37.20,-16.37,-11.58,-37.76,-64.58,-12.20,-4.05
556,203,40,-194,-821,3770,6.34,4.93,-1.55,-1.94,-8.21,37.70,-16.33,-11.54,-37.74,-62.00,-14.01,-1.64
580,259,-31,-259,-728,3785,9.24,6.01,-1.59,-2.59,-7.28,37.85,-16.29,-11.51,-37.73,-60.19,-20.51,4.34
610,274,-56,-277,-713,3802,12.04,7.08,-1.77,-2.77,-7.13,38.02,-16.23,-11.46,-37.71,-59.51,-20.80,6.26
711,326,-169,-292,-653,3957,15.17,8.36,-2.62,-2.92,-6.53,39.57,-16.16,-11.42,-37.69,-69.02,-26.34,14.93
742,333,-198,-304,-639,3995,18.18,9.56,-3.57,-3.04,-6.39,39.95,-16.07,-11.37,-37.67,-68.11,-25.17,16.39
889,348,-290,-306,-600,4065,21.79,10.73,-4.98,-3.06,-6.00,40.65,-15.97,-11.32,-37.63,-83.77,-25.29,22.68
956,341,-324,-302,-588,4074,25.44,11.73,-6.46,-3.02,-5.88,40.74,-15.86,-11.26,-37.59,-87.14,-22.35,23.99
1053,294,-376,-305,-605,4135,29.32,12.35,-8.11,-3.05,-6.05,41.35,-15.72,-11.21,-37.55,-94.68,-14.04,26.65
1058,272,-381,-299,-615,4107,32.84,12.78,-9.62,-2.99,-6.15,41.07,-15.57,-11.15,-37.49,-88.87,-9.92,25.47
976,165,-377,-328,-664,4159,35.51,12.51,-10.96,-3.28,-6.64,41.59,-15.41,-11.10,-37.44,-71.41,5.85,23.71
926,137,-368,-339,-687,4142,37.61,12.09,-12.11,-3.39,-6.87,41.42,-15.24,-11.05,-37.37,-59.92,9.30,21.72
679,27,-290,-284,-703,4077,37.99,11.05,-12.67,-2.84,-7.03,40.77,-15.07,-11.01,-37.31,-21.65,24.07,14.52
607,-4,-260,-272,-710,4037,37.89,9.92,-12.98,-2.72,-7.10,40.37,-14.90,-10.96,-37.25,-10.96,26.63,11.63
369,-94,-142,-263,-737,3964,36.35,8.35,-12.55,-2.63,-7.37,39.64,-14.74,-10.93,-37.19,22.31,37.37,2.09
320,-102,-111,-266,-739,3936,34.67,6.89,-11.97,-2.66,-7.39,39.36,-14.59,-10.90,-37.13,26.50,35.81,0.07
198,-68,-12,-296,-730,3883,32.41,5.79,-10.85,-2.96,-7.30,38.83,-14.45,-10.87,-37.08,40.73,28.51,-7.13
175,-38,21,-286,-699,3854,30.24,4.98,-9.64,-2.86,-6.99,38.54,-14.31,-10.84,-37.04,40.03,22.38,-8.65
182,8,55,-254,-611,3869,28.32,4.53,-8.34,-2.54,-6.11,38.69,-14.19,-10.81,-37.00,35.25,14.50,-10.16
194,19,56,-264,-578,3894,26.68,4.19,-7.16,-2.64,-5.78,38.94,-14.07,-10.79,-36.97,30.22,12.17,-9.00
255,45,39,-267,-518,3926,25.56,4.05,-6.21,-2.67,-5.18,39.26,-13.95,-10.76,-36.94,18.74,7.91,-6.55
274,45,29,-258,-510,3927,24.68,3.92,-5.41,-2.58,-5.10,39.27,-13.84,-10.74,-36.91,14.09,7.64,-4.86
325,33,-8,-279,-486,3956,24.19,3.73,-4.92,-2.79,-4.86,39.56,-13.73,-10.71,-36.89,5.32,9.10,-1.21
333,29,-17,-295,-489,3971,23.81,3.53,-4.53,-2.95,-4.89,39.71,-13.62,-10.69,-36.86,3.30,9.32,-0.04
317,15,-27,-287,-472,3982,23.36,3.27,-4.24,-2.87,-4.72,39.82,-13.52,-10.66,-36.84,4.82,10.94,1.11
301,5,-22,-279,-466,3962,22.86,2.97,-3.95,-2.79,-4.66,39.62,-13.42,-10.64,-36.82,6.25,11.89,0.99
223,-38,-2,-253,-441,3910,21.93,2.44,-3.57,-2.53,-4.41,39.10,-13.32,-10.61,-36.80,16.32,17.43,-0.30
189,-53,7,-269,-430,3880,20.89,1.88,-3.17,-2.69,-4.30,38.80,-13.22,-10.59,-36.79,19.48,18.63,-0.64
166,-34,14,-310,-394,3887,19.82,1.48,-2.77,-3.10,-3.94,38.87,-13.13,-10.58,-36.78,20.89,14.97,-0.81
170,-21,13,-315,-401,3881,18.87,1.21,-2.41,-3.15,-4.01,38.81,-13.05,-10.56,-36.76,18.43,12.45,-0.35
196,16,8,-301,-368,3883,18.18,1.18,-2.12,-3.01,-3.68,38.83,-12.97,-10.54,-36.75,13.10,6.75,0.38
200,19,10,-289,-350,3879,17.58,1.18,-1.85,-2.89,-3.50,38.79,-12.89,-10.52,-36.74,11.31,6.28,0.50
179,17,25,-293,-317,3880,16.92,1.17,-1.51,-2.93,-3.17,38.80,-12.81,-10.50,-36.73,13.19,6.55,-0.41
162,16,29,-295,-312,3882,16.21,1.15,-1.18,-2.95,-3.12,38.82,-12.73,-10.48,-36.73,14.41,6.65,-0.40
88,13,47,-290,-288,3882,15.13,1.11,-0.78,-2.90,-2.88,38.82,-12.66,-10.46,-36.72,23.59,7.03,-1.50
67,7,48,-281,-286,3874,14.02,1.04,-0.41,-2.81,-2.86,38.74,-12.60,-10.44,-36.72,24.66,7.80,-1.19
17,-20,41,-253,-257,3807,12.73,0.82,-0.12,-2.53,-2.57,38.07,-12.54,-10.43,-36.71,29.78,11.48,-0.29
18,-27,32,-258,-256,3782,11.56,0.57,0.09,-2.58,-2.56,37.82,-12.48,-10.41,-36.71,27.39,12.07,0.69
84,20,-5,-342,-281,3771,10.92,0.64,0.05,-3.42,-2.81,37.71,-12.43,-10.39,-36.71,16.07,5.01,3.78
104,44,-12,-357,-294,3773,10.46,0.84,-0.03,-3.57,-2.94,37.73,-12.38,-10.37,-36.71,12.12,1.73,4.29
101,98,-26,-332,-322,3800,10.03,1.35,-0.18,-3.32,-3.22,38.00,-12.33,-10.35,-36.70,11.73,-5.55,5.31
116,119,-27,-332,-336,3757,9.74,1.94,-0.33,-3.32,-3.36,37.57,-12.28,-10.33,-36.70,8.86,-7.65,5.24
141,142,-11,-335,-336,3848,9.62,2.62,-0.36,-3.35,-3.36,38.48,-12.24,-10.30,-36.69,4.80,-9.90,3.85
135,144,-6,-365,-344,3864,9.48,3.23,-0.36,-3.65,-3.44,38.64,-12.19,-10.27,-36.69,5.42,-9.06,3.42
115,156,20,-364,-326,3908,9.24,3.86,-0.21,-3.64,-3.26,39.08,-12.15,-10.24,-36.68,7.97,-9.72,1.39
101,148,30,-352,-309,3923,8.93,4.38,-0.00,-3.52,-3.09,39.23,-12.10,-10.21,-36.68,9.50,-7.54,0.76
24,105,82,-342,-226,3930,8.18,4.58,0.50,-3.42,-2.26,39.30,-12.06,-10.18,-36.67,19.80,-0.62,-3.12
-45,73,107,-354,-228,3952,7.09,4.57,1.10,-3.54,-2.28,39.52,-12.02,-10.14,-36.67,28.22,4.21,-4.60
-263,21,155,-284,-214,3851,4.78,4.24,1.94,-2.84,-2.14,38.51,-11.99,-10.11,-36.68,57.07,11.50,-7.78
-353,7,176,-268,-220,3818,2.15,3.86,2.82,-2.68,-2.20,38.18,-11.98,-10.08,-36.68,65.80,12.89,-8.63
-764,24,260,-357,-263,3804,-2.73,3.62,4.12,-3.57,-2.63,38.04,-11.98,-10.04,-36.69,119.25,9.82,-14.36
-910,54,291,-403,-262,3833,-8.01,3.59,5.48,-4.03,-2.62,38.33,-12.01,-10.01,-36.71,131.53,5.16,-15.54
-1518,171,401,-378,-333,3818,-16.47,4.27,7.38,-3.78,-3.33,38.18,-12.07,-9.97,-36.74,208.27,-11.41,-22.85
-1693,183,424,-345,-335,3823,-25.15,4.96,9.23,-3.45,-3.35,38.23,-12.17,-9.93,-36.77,218.59,-11.96,-22.84
-2345,159,479,-330,-458,3886,-36.94,5.43,11.23,-3.30,-4.58,38.86,-12.32,-9.88,-36.81,295.78,-7.44,-25.38
-2512,137,475,-338,-506,3894,-48.57,5.73,13.00,-3.38,-5.06,38.94,-12.51,-9.83,-36.85,299.35,-3.56,-23.16
-3056,38,422,-443,-669,3994,-62.35,5.39,14.28,-4.43,-6.69,39.94,-12.77,-9.78,-36.90,356.37,10.86,-17.31
-3271,-3,393,-458,-790,4019,-76.07,4.83,15.25,-4.58,-7.90,40.19,-13.08,-9.73,-36.96,363.39,16.02,-13.82
-3643,-79,349,-426,-1063,3966,-90.68,3.86,15.85,-4.26,-10.63,39.66,-13.46,-9.68,-37.02,392.68,25.75,-9.45
-3722,-95,347,-386,-1121,3930,-104.32,2.90,16.38,-3.86,-11.21,39.30,-13.89,-9.63,-37.08,379.19,26.33,-8.71
-3932,-170,364,-262,-1382,3714,-117.87,1.57,16.96,-2.62,-13.82,37.14,-14.38,-9.59,-37.15,385.87,35.23,-9.53
-3959,-189,365,-260,-1468,3665,-130.24,0.26,17.49,-2.60,-14.68,36.65,-14.92,-9.56,-37.22,366.93,35.63,-9.05
-3943,-174,411,-320,-2126,3633,-141.26,-0.83,18.25,-3.20,-21.26,36.33,-15.51,-9.53,-37.29,343.99,31.26,-12.14
-3924,-157,450,-213,-1458,3616,-151.07,-1.70,19.17,-2.13,-14.58,36.16,-16.14,-9.50,-37.37,322.92,26.99,-14.46
-3691,-62,265,-305,-2040,3497,-158.48,-1.91,18.87,-3.05,-20.40,34.97,-16.79,-9.47,-37.45,273.80,12.09,0.90
-3345,-21,143,-251,-2168,3359,-163.04,-1.85,17.86,-2.51,-21.68,33.59,-17.47,-9.45,-37.52,212.85,5.94,10.17
-3206,-2,114,-261,-2226,3350,-166.29,-1.67,16.77,-2.61,-22.26,33.50,-18.16,-9.42,-37.59,185.95,3.35,11.48
-2557,42,-15,-243,-2415,3268,-165.26,-1.25,15.00,-2.43,-24.15,32.68,-18.85,-9.40,-37.65,89.38,-2.57,20.54
-2391,54,-38,-239,-2453,3274,-163.32,-0.80,13.27,-2.39,-24.53,32.74,-19.53,-9.37,-37.71,68.19,-3.56,20.66
-1882,20,-124,-251,-2630,3270,-158.47,-0.59,11.18,-2.51,-26.30,32.70,-20.18,-9.35,-37.75,0.19,2.00,25.75
-1796,0,-141,-249,-2658,3258,-153.58,-0.54,9.21,-2.49,-26.58,32.58,-20.82,-9.33,-37.79,-3.24,5.14,25.09
-1625,-72,-202,-294,-2826,3203,-148.13,-0.92,7.05,-2.94,-28.26,32.03,-21.43,-9.31,-37.82,-18.60,15.38,27.99
-1605,-82,-223,-319,-2840,3172,-143.11,-1.33,4.99,-3.19,-28.40,31.72,-22.02,-9.30,-37.84,-11.75,16.13,27.58
-1509,-34,-279,-378,-2850,3014,-138.00,-1.40,2.79,-3.78,-28.50,30.14,-22.59,-9.29,-37.86,-16.34,8.66,30.00
-1389,27,-281,-422,-2839,2796,-132.68,-1.10,0.79,-4.22,-28.39,27.96,-23.14,-9.29,-37.86,-24.19,-0.07,28.06
-1217,2,-319,-333,-3040,2992,-126.83,-0.98,-1.23,-3.33,-30.40,29.92,-23.66,-9.28,-37.86,-39.01,3.97,29.13
-1247,-26,-337,-369,-3089,2969,-121.75,-1.04,-3.16,-3.69,-30.89,29.69,-24.16,-9.28,-37.86,-24.49,8.13,28.61
-1430,-129,-437,-365,-3249,2908,-118.30,-1.72,-5.51,-3.65,-32.49,29.08,-24.65,-9.29,-37.84,10.28,22.54,34.59
-1503,-152,-463,-312,-3102,2857,-115.64,-2.48,-7.79,-3.12,-31.02,28.57,-25.12,-9.30,-37.82,26.76,24.63,34.39
-1708,-141,-319,-274,-3119,2663,-114.50,-3.09,-8.95,-2.74,-31.19,26.63,-25.59,-9.32,-37.79,60.51,21.81,20.95
-1756,-142,-295,-291,-3229,2639,-113.76,-3.65,-9.86,-2.91,-32.29,26.39,-26.06,-9.34,-37.77,69.53,20.92,17.95
-1779,-71,-221,-426,-3482,2491,-113.23,-3.71,-10.22,-4.26,-34.82,24.91,-26.52,-9.37,-37.74,74.34,9.97,11.30
-1688,46,-124,-438,-3610,2384,-112.21,-3.06,-9.95,-4.38,-36.10,23.84,-26.98,-9.39,-37.71,62.71,-6.62,3.36
-1646,67,-91,-395,-3625,2380,-111.03,-2.35,-9.51,-3.95,-36.25,23.80,-27.43,-9.41,-37.68,58.84,-8.46,1.03
-1524,90,71,-286,-3594,2267,-109.22,-1.56,-8.13,-2.86,-35.94,22.67,-27.88,-9.42,-37.66,43.95,-10.47,-11.23
-1508,88,118,-287,-3609,2283,-107.50,-0.87,-6.60,-2.87,-36.09,22.83,-28.33,-9.43,-37.64,45.07,-8.85,-13.59
-1525,63,265,-268,-3667,2244,-106.05,-0.40,-4.32,-2.68,-36.67,22.44,-28.76,-9.43,-37.63,50.69,-4.14,-23.64
-1553,52,304,-302,-3670,2199,-104.92,-0.04,-2.03,-3.02,-36.70,21.99,-29.20,-9.43,-37.63,57.39,-1.79,-24.52
-1590,35,331,-388,-3705,2110,-104.13,0.18,0.19,-3.88,-37.05,21.10,-29.63,-9.42,-37.63,64.82,1.21,-24.46
-1590,41,327,-412,-3698,2098,-103.41,0.41,2.16,-4.12,-36.98,20.98,-30.06,-9.41,-37.64,66.45,0.73,-22.03
-1534,81,300,-358,-3682,1982,-102.43,0.86,3.78,-3.58,-36.82,19.82,-30.49,-9.39,-37.65,60.06,-4.52,-18.03
-1510,77,289,-356,-3665,1945,-101.40,1.25,5.16,-3.56,-36.65,19.45,-30.91,-9.37,-37.67,58.63,-3.20,-15.63
-1392,77,225,-297,-3694,1915,-99.75,1.59,6.02,-2.97,-36.94,19.15,-31.33,-9.35,-37.69,44.04,-2.56,-9.30
-1364,82,211,-276,-3668,1881,-98.09,1.93,6.70,-2.76,-36.68,18.81,-31.74,-9.32,-37.71,43.17,-2.70,-7.38
-1293,122,175,-265,-3727,1785,-96.17,2.48,7.10,-2.65,-37.27,17.85,-32.15,-9.29,-37.73,36.25,-7.77,-3.91
-1284,125,157,-309,-3771,1747,-94.39,3.00,7.35,-3.09,-37.71,17.47,-32.54,-9.26,-37.75,38.52,-7.28,-2.12
-1259,123,76,-277,-3902,1625,-92.63,3.45,7.08,-2.77,-39.02,16.25,-32.93,-9.22,-37.77,38.30,-6.14,4.46
-1244,106,49,-275,-3945,1522,-90.95,3.75,6.67,-2.75,-39.45,15.22,-33.32,-9.19,-37.79,39.43,-3.00,6.31
-1177,39,0,-271,-4033,1438,-89.04,3.61,6.00,-2.71,-40.33,14.38,-33.69,-9.16,-37.81,33.09,6.94,9.76
-1161,25,-14,-305,-4035,1453,-87.22,3.40,5.32,-3.05,-40.35,14.53,-34.06,-9.13,-37.82,34.34,8.66,10.22
-1115,18,-37,-323,-3851,1644,-85.30,3.17,4.56,-3.23,-38.51,16.44,-34.42,-9.11,-37.83,31.20,9.27,11.37
-1104,37,-31,-295,-3761,1716,-83.50,3.08,3.91,-2.95,-37.61,17.16,-34.77,-9.08,-37.84,33.16,6.19,10.18
-1054,199,-15,-388,-3869,1651,-81.58,3.99,3.43,-3.88,-38.69,16.51,-35.11,-9.05,-37.84,29.39,-16.82,8.31
-1020,227,-29,-400,-3899,1596,-79.64,4.97,2.91,-4.00,-38.99,15.96,-35.44,-9.02,-37.84,28.10,-19.24,8.95
-841,322,-101,-318,-3923,1552,-76.81,6.44,2.00,-3.18,-39.23,15.52,-35.76,-8.99,-37.84,6.38,-30.97,14.08
-787,329,-121,-309,-3936,1526,-73.93,7.80,1.07,-3.09,-39.36,15.26,-36.07,-8.96,-37.82,3.80,-29.48,14.78
-560,324,-209,-386,-4055,1563,-69.95,9.00,-0.32,-3.86,-40.55,15.63,-36.37,-8.92,-37.80,-23.09,-26.48,20.77
-462,310,-255,-414,-4086,1537,-65.78,9.99,-1.84,-4.14,-40.86,15.37,-36.64,-8.89,-37.78,-29.94,-22.49,23.06
-311,240,-317,-481,-4182,1578,-61.10,10.46,-3.59,-4.81,-41.82,15.78,-36.89,-8.86,-37.74,-43.94,-10.95,26.45
-285,228,-326,-479,-4231,1583,-56.72,10.80,-5.22,-4.79,-42.31,15.83,-37.13,-8.83,-37.70,-39.47,-8.49,25.49
-282,161,-331,-474,-4272,1577,-52.77,10.70,-6.72,-4.74,-42.72,15.77,-37.35,-8.81,-37.66,-32.29,1.53,24.32
-302,152,-308,-440,-4196,1575,-49.34,10.56,-7.92,-4.40,-41.96,15.75,-37.55,-8.78,-37.61,-22.60,2.62,21.09
-477,58,-129,-395,-4211,1453,-47.31,9.86,-7.92,-3.95,-42.11,14.53,-37.75,-8.77,-37.56,8.05,15.61,5.92
-534,41,-83,-424,-4241,1466,-45.84,9.12,-7.63,-4.24,-42.41,14.66,-37.94,-8.75,-37.51,19.66,16.80,2.33
-794,-6,71,-423,-4246,1338,-46.10,8.17,-6.44,-4.23,-42.46,13.38,-38.14,-8.73,-37.48,58.95,22.16,-9.46
-861,-16,105,-413,-4266,1291,-46.74,7.26,-5.15,-4.13,-42.66,12.91,-38.34,-8.72,-37.44,68.08,21.94,-10.98
-1060,-53,180,-466,-4243,1181,-48.53,6.21,-3.54,-4.66,-42.43,11.81,-38.54,-8.70,-37.42,95.17,25.59,-15.63
-1097,-39,193,-474,-4225,1151,-50.37,5.35,-2.01,-4.74,-42.25,11.51,-38.76,-8.68,-37.40,97.47,21.81,-15.11
-1065,17,180,-455,-4168,1092,-51.83,4.92,-0.71,-4.55,-41.68,10.92,-38.98,-8.66,-37.39,89.97,12.44,-12.64
-1035,34,173,-437,-4150,1078,-52.96,4.63,0.42,-4.37,-41.50,10.78,-39.20,-8.64,-37.38,83.40,9.30,-10.85
-893,78,142,-419,-4117,1009,-53.11,4.65,1.24,-4.19,-41.17,10.09,-39.43,-8.62,-37.38,61.61,2.60,-7.35
-859,84,128,-413,-4121,1000,-53.04,4.69,1.90,-4.13,-41.21,10.00,-39.66,-8.60,-37.37,56.71,1.75,-5.47
-768,67,48,-396,-4181,891,-52.42,4.63,2.00,-3.96,-41.81,8.91,-39.88,-8.57,-37.37,44.15,4.22,1.42
-751,55,25,-393,-4194,882,-51.76,4.51,1.95,-3.93,-41.94,8.82,-40.10,-8.55,-37.36,42.96,5.79,3.31
-668,23,-45,-407,-4236,780,-50.66,4.20,1.48,-4.07,-42.36,7.80,-40.32,-8.52,-37.36,32.53,10.07,8.75
-627,19,-62,-416,-4256,774,-49.42,3.89,0.96,-4.16,-42.56,7.74,-40.53,-8.51,-37.36,28.77,10.09,9.63
-412,30,-111,-454,-4270,765,-46.99,3.69,0.18,-4.54,-42.70,7.65,-40.74,-8.49,-37.35,0.72,8.01,12.96
-296,49,-115,-456,-4247,788,-44.10,3.62,-0.54,-4.56,-42.47,7.88,-40.93,-8.47,-37.34,-11.37,4.97,12.54
-35,94,-96,-430,-4251,818,-39.90,3.83,-1.07,-4.30,-42.51,8.18,-41.10,-8.46,-37.33,-43.11,-1.50,10.36
17,98,-91,-424,-4240,839,-35.81,4.04,-1.52,-4.24,-42.40,8.39,-41.26,-8.45,-37.32,-43.18,-1.71,9.46
100,89,-75,-425,-4206,898,-31.62,4.18,-1.82,-4.25,-42.06,8.98,-41.40,-8.43,-37.30,-47.81,-0.09,7.78
91,82,-78,-426,-4212,894,-27.90,4.26,-2.12,-4.26,-42.12,8.94,-41.52,-8.42,-37.29,-39.32,1.13,7.72
9,18,-112,-421,-4252,847,-25.05,3.95,-2.59,-4.21,-42.52,8.47,-41.63,-8.41,-37.27,-21.35,10.28,10.10
-22,-2,-122,-415,-4254,844,-22.68,3.54,-3.07,-4.15,-42.54,8.44,-41.74,-8.40,-37.25,-12.06,12.55,10.44
-113,-62,-151,-462,-4341,776,-21.10,2.81,-3.69,-4.62,-43.41,7.76,-41.83,-8.40,-37.24,4.87,20.32,12.24
-126,-66,-160,-501,-4378,787,-19.76,2.12,-4.29,-5.01,-43.78,7.87,-41.93,-8.40,-37.22,9.46,19.63,12.36
-142,-19,-159,-479,-4367,766,-18.65,1.80,-4.83,-4.79,-43.67,7.66,-42.01,-8.40,-37.20,14.06,11.84,11.70
-143,11,-129,-447,-4353,762,-17.66,1.68,-5.14,-4.47,-43.53,7.62,-42.10,-8.40,-37.19,16.14,7.06,8.84
-142,51,-60,-426,-4362,787,-16.76,1.83,-4.99,-4.26,-43.62,7.87,-42.18,-8.40,-37.17,17.75,1.23,3.14
-147,59,-40,-430,-4353,792,-15.98,2.00,-4.74,-4.30,-43.53,7.92,-42.25,-8.41,-37.15,20.04,0.35,1.72
-151,78,15,-436,-4338,811,-15.30,2.28,-4.17,-4.36,-43.38,8.11,-42.33,-8.40,-37.13,21.98,-2.03,-2.34
-148,73,25,-428,-4321,804,-14.68,2.50,-3.60,-4.28,-43.21,8.04,-42.40,-8.40,-37.12,22.76,-0.86,-2.59
-84,41,34,-497,-4294,839,-13.72,2.50,-3.03,-4.97,-42.94,8.39,-42.47,-8.40,-37.11,14.85,4.02,-2.75
-58,34,25,-518,-4294,858,-12.70,2.45,-2.58,-5.18,-42.94,8.58,-42.53,-8.39,-37.09,12.86,5.00,-1.51
50,24,-4,-475,-4241,871,-11.13,2.36,-2.34,-4.75,-42.41,8.71,-42.59,-8.38,-37.08,-0.59,6.33,1.19
81,18,-9,-468,-4243,878,-9.52,2.23,-2.16,-4.68,-42.43,8.78,-42.64,-8.38,-37.07,-2.24,7.01,1.81
194,-3,-27,-500,-4244,949,-7.38,1.99,-2.11,-5.00,-42.44,9.49,-42.68,-8.37,-37.06,-15.40,9.75,3.39
248,-20,-39,-503,-4248,953,-5.13,1.67,-2.14,-5.03,-42.48,9.53,-42.72,-8.37,-37.05,-19.35,11.73,4.37
328,-66,-44,-464,-4253,943,-2.62,1.10,-2.19,-4.64,-42.53,9.43,-42.74,-8.36,-37.05,-26.77,17.66,4.74
340,-82,-44,-473,-4258,929,-0.28,0.49,-2.24,-4.73,-42.58,9.29,-42.76,-8.36,-37.04,-24.17,18.95,4.69
355,-115,-56,-534,-4267,962,1.91,-0.26,-2.36,-5.34,-42.67,9.62,-42.77,-8.36,-37.04,-22.29,22.56,5.58
354,-115,-57,-549,-4260,960,3.88,-0.94,-2.47,-5.49,-42.60,9.60,-42.76,-8.36,-37.03,-18.41,21.28,5.54
359,-115,-66,-561,-4299,931,5.68,-1.55,-2.63,-5.61,-42.99,9.31,-42.76,-8.37,-37.03,-15.77,20.13,6.14
367,-119,-74,-559,-4306,933,7.35,-2.12,-2.82,-5.59,-43.06,9.33,-42.74,-8.38,-37.03,-13.83,19.67,6.62
403,-128,-90,-587,-4308,982,9.07,-2.69,-3.08,-5.87,-43.08,9.82,-42.72,-8.39,-37.03,-16.07,19.97,7.69
417,-124,-87,-578,-4312,994,10.71,-3.17,-3.31,-5.78,-43.12,9.94,-42.69,-8.40,-37.03,-15.13,18.44,7.20
468,-128,-48,-508,-4292,994,12.49,-3.64,-3.27,-5.08,-42.92,9.94,-42.66,-8.41,-37.04,-19.55,18.18,3.94
484,-138,-21,-483,-4284,990,14.20,-4.12,-3.07,-4.83,-42.84,9.90,-42.62,-8.43,-37.04,-18.79,18.81,1.86
502,-154,15,-496,-4268,1017,15.84,-4.64,-2.67,-4.96,-42.68,10.17,-42.57,-8.44,-37.05,-18.46,20.26,-0.76
506,-160,21,-496,-4251,1011,17.34,-5.15,-2.28,-4.96,-42.51,10.11,-42.52,-8.46,-37.06,-16.26,20.22,-0.85
513,-161,16,-508,-4167,1077,18.74,-5.62,-1.95,-5.08,-41.67,10.77,-42.46,-8.47,-37.07,-14.72,19.50,-0.08
514,-158,11,-512,-4152,1082,20.00,-6.02,-1.69,-5.12,-41.52,10.82,-42.40,-8.49,-37.08,-12.53,18.29,0.62
524,-157,-35,-518,-4131,1107,21.20,-6.38,-1.73,-5.18,-41.31,11.07,-42.33,-8.50,-37.10,-11.83,17.47,4.47
530,-161,-52,-517,-4138,1123,22.31,-6.72,-1.88,-5.17,-41.38,11.23,-42.26,-8.52,-37.11,-10.68,17.44,5.76
554,-177,-107,-505,-4115,1155,23.46,-7.13,-2.34,-5.05,-41.15,11.55,-42.18,-8.54,-37.13,-12.22,19.13,9.93
559,-183,-115,-488,-4115,1145,24.52,-7.53,-2.81,-4.88,-41.15,11.45,-42.10,-8.56,-37.14,-11.02,19.29,10.11
560,-199,-120,-447,-4104,1151,25.49,-7.99,-3.26,-4.47,-41.04,11.51,-42.01,-8.59,-37.16,-9.40,20.88,10.06
542,-194,-110,-435,-4106,1155,26.24,-8.38,-3.61,-4.35,-41.06,11.55,-41.93,-8.62,-37.17,-5.28,19.41,8.85
486,-155,-84,-480,-4116,1180,26.58,-8.49,-3.76,-4.80,-41.16,11.80,-41.84,-8.65,-37.18,3.85,13.27,6.48
470,-140,-78,-480,-4113,1184,26.79,-8.49,-3.86,-4.80,-41.13,11.84,-41.75,-8.68,-37.20,6.62,10.99,5.87
424,-99,-54,-473,-4095,1202,26.70,-8.25,-3.80,-4.73,-40.95,12.02,-41.66,-8.70,-37.21,13.40,5.22,3.90
416,-90,-50,-496,-4098,1224,26.57,-7.97,-3.73,-4.96,-40.98,12.24,-41.57,-8.73,-37.22,14.31,4.39,3.64
410,-79,-69,-529,-4099,1289,26.41,-7.66,-3.77,-5.29,-40.99,12.89,-41.48,-8.76,-37.23,14.87,3.33,5.20
417,-82,-78,-526,-4081,1299,26.31,-7.39,-3.87,-5.26,-40.81,12.99,-41.39,-8.78,-37.24,13.56,4.30,5.86
454,-115,-108,-494,-4063,1339,26.45,-7.35,-4.14,-4.94,-40.63,13.39,-41.30,-8.81,-37.25,8.12,9.42,8.11
468,-122,-114,-476,-4053,1348,26.66,-7.36,-4.43,-4.76,-40.53,13.48,-41.21,-8.83,-37.26,6.32,10.49,8.33
520,-145,-111,-452,-4028,1346,27.17,-7.51,-4.66,-4.52,-40.28,13.46,-41.12,-8.86,-37.27,-0.71,13.74,7.82
538,-140,-105,-478,-4030,1377,27.73,-7.61,-4.83,-4.78,-40.30,13.77,-41.02,-8.89,-37.28,-2.45,12.80,7.13
561,-108,-98,-520,-4049,1420,28.38,-7.51,-4.95,-5.20,-40.49,14.20,-40.92,-8.92,-37.28,-4.79,8.13,6.42
566,-100,-97,-521,-4054,1432,29.00,-7.37,-5.05,-5.21,-40.54,14.32,-40.82,-8.95,-37.29,-4.45,7.20,6.23
596,-81,-98,-531,-4047,1505,29.73,-7.13,-5.14,-5.31,-40.47,15.05,-40.72,-8.97,-37.30,-7.70,4.78,6.22
622,-77,-103,-539,-4041,1552,30.55,-6.88,-5.25,-5.39,-40.41,15.52,-40.61,-9.00,-37.30,-10.18,4.64,6.52
748,-86,-117,-569,-4033,1701,32.06,-6.72,-5.44,-5.69,-40.33,17.01,-40.50,-9.03,-37.30,-26.62,6.34,7.51
791,-95,-119,-570,-4035,1735,33.68,-6.63,-5.62,-5.70,-40.35,17.35,-40.38,-9.05,-37.31,-30.19,7.91,7.49
980,-196,-115,-509,-4037,1788,36.29,-7.16,-5.76,-5.09,-40.37,17.88,-40.25,-9.08,-37.31,-54.15,22.32,7.00
1029,-236,-107,-487,-4030,1821,38.94,-7.88,-5.84,-4.87,-40.30,18.21,-40.11,-9.11,-37.31,-56.70,27.07,6.24
1193,-407,-51,-471,-4014,1855,42.32,-9.58,-5.57,-4.71,-40.14,18.55,-39.95,-9.15,-37.32,-75.41,49.96,1.79
1261,-487,-25,-480,-4012,1845,45.78,-11.59,-5.16,-4.80,-40.12,18.45,-39.79,-9.19,-37.34,-79.33,58.38,0.01
1377,-599,16,-470,-3990,1846,49.60,-14.09,-4.55,-4.70,-39.90,18.46,-39.61,-9.23,-37.37,-89.90,70.76,-2.81
1400,-610,31,-474,-3987,1853,53.18,-16.40,-3.90,-4.74,-39.87,18.53,-39.41,-9.28,-37.40,-86.76,68.09,-3.39
1477,-596,98,-469,-3969,1848,56.87,-18.39,-2.92,-4.69,-39.69,18.48,-39.21,-9.34,-37.44,-91.65,62.22,-8.02
1495,-583,121,-449,-3953,1858,60.31,-20.11,-1.89,-4.49,-39.53,18.58,-38.99,-9.40,-37.49,-88.04,57.02,-8.87
1555,-510,209,-416,-3865,1921,63.76,-21.21,-0.42,-4.16,-38.65,19.21,-38.76,-9.46,-37.54,-90.79,43.84,-14.78
1563,-487,234,-375,-3841,1938,66.92,-22.06,1.05,-3.75,-38.41,19.38,-38.51,-9.52,-37.60,-86.19,38.77,-15.33
1547,-433,308,-298,-3730,1949,69.66,-22.50,2.82,-2.98,-37.30,19.49,-38.26,-9.57,-37.67,-78.72,29.74,-19.72
1529,-424,313,-297,-3691,1968,72.02,-22.83,4.45,-2.97,-36.91,19.68,-38.00,-9.62,-37.75,-71.68,27.77,-18.41
1410,-347,277,-373,-3496,2106,73.42,-22.67,5.69,-3.73,-34.96,21.06,-37.73,-9.67,-37.82,-51.06,16.37,-14.04
1335,-287,235,-392,-3439,2183,74.22,-22.15,6.56,-3.92,-34.39,21.83,-37.46,-9.72,-37.90,-38.28,8.23,-9.56
1198,-180,109,-362,-3373,2291,74.11,-21.03,6.57,-3.62,-33.73,22.91,-37.19,-9.76,-37.98,-17.78,-5.95,1.14
1171,-165,75,-354,-3366,2332,73.84,-19.94,6.37,-3.54,-33.66,23.32,-36.92,-9.79,-38.05,-14.35,-6.13,3.81
1132,-133,-31,-331,-3409,2541,73.36,-18.75,5.54,-3.31,-34.09,25.41,-36.65,-9.83,-38.11,-9.49,-8.75,11.92
1141,-134,-52,-323,-3426,2564,72.99,-17.70,4.67,-3.23,-34.26,25.64,-36.39,-9.86,-38.17,-11.75,-6.57,12.79
1287,-204,-88,-227,-3452,2521,73.54,-17.17,3.67,-2.27,-34.52,25.21,-36.12,-9.90,-38.23,-33.15,5.12,14.78
1351,-250,-88,-223,-3447,2499,74.43,-16.98,2.76,-2.23,-34.47,24.99,-35.84,-9.94,-38.28,-41.41,12.53,13.83
1610,-411,-33,-152,-3371,2606,76.80,-17.79,2.29,-1.52,-33.71,26.06,-35.56,-9.98,-38.33,-76.59,35.57,8.67
1659,-436,-8,-170,-3368,2636,79.24,-18.67,2.01,-1.70,-33.68,26.36,-35.26,-10.03,-38.39,-79.64,37.75,6.26
1810,-474,92,-181,-3254,2738,82.36,-19.69,2.37,-1.81,-32.54,27.38,-34.96,-10.07,-38.44,-96.96,41.64,-1.83
1851,-473,139,-197,-3217,2768,85.42,-20.61,2.98,-1.97,-32.17,27.68,-34.64,-10.12,-38.50,-97.64,39.78,-5.16
1911,-474,198,-207,-3131,2875,88.53,-21.44,3.89,-2.07,-31.31,28.75,-34.31,-10.17,-38.57,-101.11,38.39,-9.19
1924,-473,207,-196,-3094,2905,91.41,-22.18,4.76,-1.96,-30.94,29.05,-33.97,-10.22,-38.64,-97.85,36.87,-9.02
1988,-477,213,-155,-2998,2968,94.40,-22.87,5.59,-1.55,-29.98,29.68,-33.61,-10.27,-38.71,-102.19,36.20,-8.65
2014,-481,214,-142,-2969,2980,97.25,-23.52,6.33,-1.42,-29.69,29.80,-33.25,-10.33,-38.79,-101.01,35.62,-7.93
2158,-529,197,-121,-2898,2990,100.68,-24.39,6.90,-1.21,-28.98,29.90,-32.87,-10.38,-38.87,-116.70,41.32,-5.88
2201,-547,192,-97,-2864,2999,104.04,-25.29,7.38,-0.97,-28.64,29.99,-32.48,-10.44,-38.95,-117.16,42.40,-4.94
2346,-606,186,-44,-2725,3054,107.95,-26.46,7.78,-0.44,-27.25,30.54,-32.08,-10.49,-39.04,-132.14,49.23,-4.01
2419,-594,190,-6,-2583,3115,111.91,-27.44,8.16,-0.06,-25.83,31.15,-31.66,-10.56,-39.12,-136.05,45.59,-3.94
2419,-581,195,-4,-2550,3115,115.47,-28.24,8.53,-0.04,-25.50,31.15,-31.22,-10.62,-39.22,-129.58,42.13,-3.96
2324,-464,221,-15,-2389,3224,118.10,-28.24,9.03,-0.15,-23.89,32.24,-30.78,-10.68,-39.31,-110.41,24.32,-5.63
2280,-423,226,-14,-2344,3261,120.20,-28.00,9.50,-0.14,-23.44,32.61,-30.32,-10.74,-39.40,-100.03,18.57,-5.54
2121,-265,225,18,-2241,3382,121.12,-26.82,9.93,0.18,-22.41,33.82,-29.86,-10.80,-39.49,-74.35,-3.25,-5.00
2087,-227,220,20,-2194,3408,121.74,-25.52,10.28,0.20,-21.94,34.08,-29.39,-10.85,-39.58,-68.30,-6.56,-4.20
2022,-159,189,31,-2087,3415,121.90,-23.94,10.40,0.31,-20.87,34.15,-28.93,-10.89,-39.67,-58.39,-13.90,-1.43
2018,-159,174,43,-2059,3451,122.02,-22.51,10.42,0.43,-20.59,34.51,-28.46,-10.94,-39.75,-57.86,-11.18,-0.13
1970,-163,124,71,-1910,3596,121.83,-21.26,10.14,0.71,-19.10,35.96,-27.98,-10.97,-39.83,-51.20,-8.16,3.81
1951,-165,112,85,-1880,3598,121.55,-20.14,9.81,0.85,-18.80,35.98,-27.51,-11.01,-39.90,-49.15,-5.71,4.49
1857,-188,70,108,-1760,3654,120.72,-19.27,9.25,1.08,-17.60,36.54,-27.04,-11.04,-39.97,-36.70,-0.54,7.46
1835,-187,64,106,-1712,3689,119.84,-18.48,8.72,1.06,-17.12,36.89,-26.57,-11.08,-40.03,-35.32,0.82,7.41
1784,-173,61,104,-1622,3757,118.74,-17.69,8.22,1.04,-16.22,37.57,-26.10,-11.11,-40.09,-29.94,0.21,7.14
1781,-169,63,123,-1592,3778,117.73,-16.95,7.78,1.23,-15.92,37.78,-25.63,-11.14,-40.15,-31.70,1.02,6.51
1781,-178,77,142,-1511,3809,116.82,-16.34,7.47,1.42,-15.11,38.09,-25.17,-11.17,-40.21,-33.73,3.56,5.01
1778,-187,83,145,-1471,3816,115.99,-15.85,7.23,1.45,-14.71,38.16,-24.71,-11.20,-40.26,-35.16,5.89,4.25
1769,-227,118,184,-1345,3831,115.18,-15.65,7.23,1.84,-13.45,38.31,-24.25,-11.23,-40.31,-35.62,12.39,1.28
1771,-242,123,187,-1328,3826,114.46,-15.56,7.26,1.87,-13.28,38.26,-23.79,-11.26,-40.36,-37.58,14.86,0.89
1797,-292,134,219,-1174,3794,113.98,-15.79,7.35,2.19,-11.74,37.94,-23.33,-11.29,-40.41,-42.76,22.08,0.06
1801,-296,135,197,-1131,3810,113.57,-16.01,7.44,1.97,-11.31,38.10,-22.88,-11.33,-40.46,-44.45,22.29,0.08
1801,-250,142,196,-947,3780,113.20,-15.94,7.56,1.96,-9.47,37.80,-22.43,-11.36,-40.52,-45.46,15.44,-0.38
1794,-232,143,199,-921,3778,112.82,-15.76,7.68,1.99,-9.21,37.78,-21.97,-11.40,-40.57,-45.40,13.06,-0.34
1713,-154,120,233,-855,3802,111.99,-15.12,7.64,2.33,-8.55,38.02,-21.52,-11.43,-40.62,-34.92,2.39,1.58
1693,-141,115,230,-827,3811,111.12,-14.47,7.58,2.30,-8.27,38.11,-21.07,-11.46,-40.66,-33.82,1.66,1.94
1590,-101,107,210,-700,3893,109.70,-13.64,7.47,2.10,-7.00,38.93,-20.63,-11.49,-40.71,-21.08,-2.84,2.51
1561,-95,108,224,-667,3896,108.26,-12.85,7.38,2.24,-6.67,38.96,-20.19,-11.52,-40.75,-19.69,-2.26,2.34
1455,-92,121,243,-564,3924,106.31,-12.13,7.38,2.43,-5.64,39.24,-19.76,-11.55,-40.80,-7.50,-1.32,1.24
1427,-95,122,243,-551,3928,104.38,-11.50,7.39,2.43,-5.51,39.28,-19.34,-11.57,-40.84,-7.16,0.35,1.16
1345,-127,119,275,-445,3898,102.15,-11.12,7.38,2.75,-4.45,38.98,-18.92,-11.59,-40.88,0.84,5.96,1.41
1332,-137,118,282,-414,3918,100.06,-10.85,7.36,2.82,-4.14,39.18,-18.52,-11.62,-40.92,-1.40,8.02,1.48
1317,-154,115,289,-310,3901,98.08,-10.70,7.32,2.89,-3.10,39.01,-18.12,-11.64,-40.96,-3.11,10.90,1.70
1321,-156,116,293,-284,3896,96.33,-10.58,7.30,2.93,-2.84,38.96,-17.72,-11.66,-40.99,-7.30,11.45,1.59
1333,-152,117,296,-256,3911,94.83,-10.45,7.28,2.96,-2.56,39.11,-17.34,-11.69,-41.03,-12.23,11.10,1.49
1361,-131,124,299,-206,3899,93.65,-10.20,7.31,2.99,-2.06,38.99,-16.96,-11.71,-41.07,-18.99,8.38,0.93
1368,-129,128,299,-185,3888,92.63,-9.97,7.36,2.99,-1.85,38.88,-16.58,-11.73,-41.11,-22.24,8.53,0.65
1377,-119,148,321,-127,3868,91.77,-9.70,7.53,3.21,-1.27,38.68,-16.20,-11.75,-41.14,-25.49,7.53,-0.87
1375,-117,156,318,-106,3842,90.98,-9.44,7.73,3.18,-1.06,38.42,-15.83,-11.77,-41.18,-26.93,7.73,-1.33
1373,-99,201,307,7,3827,90.26,-9.10,8.18,3.07,0.07,38.27,-15.46,-11.79,-41.22,-28.23,5.64,-4.66
1372,-84,220,290,34,3833,89.60,-8.71,8.70,2.90,0.34,38.33,-15.10,-11.81,-41.26,-29.57,4.12,-5.71
1367,-4,303,312,108,3817,88.98,-7.86,9.68,3.12,1.08,38.17,-14.73,-11.83,-41.30,-30.22,-6.47,-11.70
1367,18,326,309,115,3818,88.42,-6.96,10.70,3.09,1.15,38.18,-14.37,-11.83,-41.35,-31.52,-8.12,-12.57
1398,54,395,328,246,3842,88.10,-5.94,12.04,3.28,2.46,38.42,-14.02,-11.84,-41.40,-37.07,-11.67,-16.99
1435,48,417,315,315,3888,88.05,-5.05,13.38,3.15,3.15,38.88,-13.66,-11.84,-41.46,-43.06,-9.07,-17.43
1534,10,408,300,371,3911,88.60,-4.48,14.53,3.00,3.71,39.11,-13.30,-11.84,-41.51,-57.35,-2.21,-15.44
1564,-7,393,305,404,3903,89.28,-4.08,15.48,3.05,4.04,39.03,-12.94,-11.83,-41.58,-60.87,1.15,-13.17
1650,-60,323,269,576,3890,90.42,-4.04,15.90,2.69,5.76,38.90,-12.57,-11.83,-41.64,-72.07,9.31,-6.78
1668,-71,307,261,636,3879,91.55,-4.07,16.18,2.61,6.36,38.79,-12.20,-11.83,-41.70,-72.92,10.93,-5.12
1709,-92,119,232,820,3852,92.82,-4.22,15.29,2.32,8.20,38.52,-11.83,-11.83,-41.77,-77.01,13.84,9.87
1717,-99,90,263,642,3841,94.01,-4.40,14.31,2.63,6.42,38.41,-11.45,-11.83,-41.82,-76.23,14.56,11.29
1700,-129,124,289,818,3763,94.98,-4.75,13.63,2.89,8.18,37.63,-11.06,-11.83,-41.88,-72.05,18.48,7.70
1694,-137,121,282,867,3759,95.82,-5.11,13.01,2.82,8.67,37.59,-10.67,-11.83,-41.93,-69.81,19.02,7.30
1611,-162,95,302,996,3674,96.06,-5.59,12.29,3.02,9.96,36.74,-10.28,-11.84,-41.98,-56.95,21.94,8.74
1562,-168,82,310,1053,3660,95.98,-6.05,11.56,3.10,10.53,36.60,-9.89,-11.85,-42.03,-49.88,21.98,9.08
1428,-156,69,315,1140,3590,95.10,-6.40,10.82,3.15,11.40,35.90,-9.50,-11.87,-42.07,-31.39,19.50,9.40
1394,-153,65,321,1165,3582,94.09,-6.69,10.14,3.21,11.65,35.82,-9.12,-11.88,-42.11,-28.36,18.50,9.02
1309,-137,47,323,1223,3554,92.67,-6.86,9.41,3.23,12.23,35.54,-8.74,-11.90,-42.15,-18.35,15.76,9.78
1301,-138,40,343,1233,3526,91.34,-7.02,8.71,3.43,12.33,35.26,-8.36,-11.92,-42.19,-19.89,15.63,9.64
1310,-148,6,364,1298,3514,90.19,-7.22,7.88,3.64,12.98,35.14,-7.99,-11.94,-42.22,-23.67,16.78,11.63
1313,-142,-1,362,1359,3509,89.18,-7.36,7.09,3.62,13.59,35.09,-7.62,-11.96,-42.25,-26.29,15.61,11.39
1319,-115,-22,343,1285,3428,88.31,-7.33,6.24,3.43,12.85,34.28,-7.26,-11.99,-42.27,-29.10,11.57,12.28
1326,-103,-24,365,1330,3446,87.57,-7.22,5.47,3.65,13.30,34.46,-6.90,-12.01,-42.30,-31.81,9.96,11.63
1313,-82,-10,390,1442,3399,86.82,-7.00,4.86,3.90,14.42,33.99,-6.53,-12.03,-42.32,-31.48,7.19,9.81
1324,-81,-7,388,1473,3394,86.21,-6.79,4.33,3.88,14.73,33.94,-6.18,-12.05,-42.33,-34.54,7.44,8.99
1326,-92,-3,389,1595,3374,85.68,-6.68,3.88,3.89,15.95,33.74,-5.82,-12.08,-42.35,-36.09,9.36,8.18
1333,-97,-1,384,1623,3354,85.25,-6.60,3.49,3.84,16.23,33.54,-5.46,-12.10,-42.36,-38.22,10.28,7.59
1362,-116,1,393,1693,3345,85.03,-6.65,3.15,3.93,16.93,33.45,-5.11,-12.12,-42.37,-43.29,13.10,7.06
1372,-116,-2,412,1695,3331,84.90,-6.69,2.82,4.12,16.95,33.31,-4.75,-12.15,-42.38,-45.30,13.03,6.97
1410,-127,-17,387,1790,3271,85.01,-6.80,2.43,3.87,17.90,32.71,-4.40,-12.17,-42.39,-51.12,14.53,7.83
1419,-126,-19,387,1809,3262,85.16,-6.89,2.07,3.87,18.09,32.62,-4.04,-12.19,-42.40,-52.43,14.22,7.62
1425,-102,-29,378,1887,3208,85.34,-6.82,1.69,3.78,18.87,32.08,-3.68,-12.22,-42.40,-53.25,10.70,8.06
1424,-97,-31,378,1918,3184,85.49,-6.73,1.33,3.78,19.18,31.84,-3.32,-12.24,-42.41,-53.05,10.13,7.85
1389,-98,-35,402,2006,3135,85.41,-6.65,0.99,4.02,20.06,31.35,-2.96,-12.27,-42.41,-48.09,10.44,7.82
1363,-105,-37,390,2050,3122,85.19,-6.63,0.66,3.90,20.50,31.22,-2.61,-12.29,-42.41,-44.79,11.57,7.65
1302,-112,-28,374,2160,3071,84.61,-6.65,0.42,3.74,21.60,30.71,-2.25,-12.32,-42.41,-36.82,12.61,6.64
1291,-114,-25,367,2193,3066,84.02,-6.68,0.23,3.67,21.93,30.66,-1.89,-12.34,-42.40,-36.48,12.88,6.18
1268,-120,-29,380,2267,3046,83.36,-6.74,0.03,3.80,22.67,30.46,-1.54,-12.36,-42.40,-34.47,13.69,6.30
1271,-123,-35,385,2274,3022,82.77,-6.82,-0.19,3.85,22.74,30.22,-1.19,-12.39,-42.40,-36.27,14.02,6.58
1295,-165,-69,435,2295,2883,82.40,-7.14,-0.59,4.35,22.95,28.83,-0.84,-12.42,-42.39,-40.87,19.83,9.04
1303,-175,-78,449,2298,2846,82.11,-7.50,-1.01,4.49,22.98,28.46,-0.50,-12.45,-42.38,-42.87,20.70,9.36
1329,-180,-78,450,2355,2733,82.00,-7.85,-1.38,4.50,23.55,27.33,-0.15,-12.48,-42.37,-47.26,20.82,8.96
1341,-170,-75,455,2420,2683,81.98,-8.10,-1.70,4.55,24.20,26.83,0.20,-12.51,-42.36,-49.36,18.84,8.37
1342,-111,-46,476,2373,2678,81.97,-7.97,-1.81,4.76,23.73,26.78,0.55,-12.54,-42.35,-49.77,10.12,5.79
1334,-84,-36,494,2399,2646,81.91,-7.68,-1.85,4.94,23.99,26.46,0.90,-12.57,-42.34,-48.89,6.56,4.90
1294,-51,-25,480,2444,2627,81.61,-7.22,-1.82,4.80,24.44,26.27,1.24,-12.60,-42.33,-43.58,2.41,4.00
1271,-43,-19,472,2469,2626,81.20,-6.76,-1.75,4.72,24.69,26.26,1.59,-12.62,-42.31,-41.08,2.08,3.56
1167,-24,17,453,2555,2575,80.20,-6.23,-1.47,4.53,25.55,25.75,1.93,-12.65,-42.30,-27.34,0.20,0.81
1132,-28,27,447,2575,2575,79.09,-5.78,-1.16,4.47,25.75,25.75,2.27,-12.67,-42.29,-24.33,1.68,0.29
993,-30,45,480,2605,2544,77.24,-5.39,-0.77,4.80,26.05,25.44,2.59,-12.69,-42.29,-6.86,2.75,-0.82
952,-31,45,486,2618,2548,75.32,-5.04,-0.42,4.86,26.18,25.48,2.92,-12.71,-42.28,-4.45,3.57,-0.45
843,-40,39,487,2677,2541,72.93,-4.78,-0.14,4.87,26.77,25.41,3.23,-12.73,-42.27,7.44,5.45,0.35
819,-46,39,487,2696,2540,70.63,-4.58,0.11,4.87,26.96,25.40,3.53,-12.74,-42.27,6.55,6.75,0.62
758,-66,37,475,2728,2511,68.19,-4.52,0.33,4.75,27.28,25.11,3.82,-12.76,-42.26,11.04,9.92,1.02
728,-78,37,482,2741,2495,65.81,-4.55,0.52,4.82,27.41,24.95,4.10,-12.78,-42.26,10.93,11.71,1.22
672,-94,35,478,2769,2451,63.33,-4.67,0.68,4.78,27.69,24.51,4.37,-12.80,-42.26,14.59,13.94,1.56
656,-96,36,470,2773,2453,61.00,-4.79,0.83,4.70,27.73,24.53,4.63,-12.81,-42.26,12.44,14.03,1.64
617,-104,42,463,2802,2415,58.66,-4.94,1.01,4.63,28.02,24.15,4.89,-12.83,-42.25,13.79,14.97,1.31
610,-104,44,465,2817,2420,56.52,-5.08,1.17,4.65,28.17,24.20,5.13,-12.85,-42.25,10.64,14.72,1.32
608,-107,55,467,2841,2385,54.58,-5.23,1.39,4.67,28.41,23.85,5.37,-12.87,-42.25,7.10,14.92,0.62
615,-110,56,475,2844,2387,52.87,-5.37,1.59,4.75,28.44,23.87,5.60,-12.89,-42.25,2.65,15.11,0.75
638,-124,68,444,2926,2321,51.47,-5.59,1.85,4.44,29.26,23.21,5.82,-12.92,-42.25,-3.64,16.84,0.00
644,-129,76,440,2943,2296,50.26,-5.82,2.13,4.40,29.43,22.96,6.04,-12.94,-42.26,-7.01,17.19,-0.38
642,-128,92,471,2976,2254,49.15,-6.02,2.48,4.71,29.76,22.54,6.25,-12.96,-42.26,-8.95,16.67,-1.37
652,-110,82,471,2995,2257,48.21,-6.09,2.73,4.71,29.95,22.57,6.46,-12.99,-42.26,-12.39,13.82,-0.25
721,-93,55,463,3054,2289,47.79,-6.05,2.79,4.63,30.54,22.89,6.67,-13.01,-42.27,-23.85,11.32,2.10
748,-95,45,453,3066,2297,47.57,-6.02,2.79,4.53,30.66,22.97,6.88,-13.04,-42.27,-28.51,11.69,2.94
773,-159,1,439,3101,2275,47.53,-6.39,2.51,4.39,31.01,22.75,7.08,-13.06,-42.28,-32.54,20.77,6.38
766,-181,-8,433,3114,2253,47.45,-6.85,2.21,4.33,31.14,22.53,7.29,-13.09,-42.28,-31.76,23.26,6.83
825,-205,-27,449,3124,2114,47.74,-7.42,1.83,4.49,31.24,21.14,7.50,-13.12,-42.28,-40.35,25.87,8.03
822,-209,-34,463,3134,2110,47.98,-7.95,1.44,4.63,31.34,21.10,7.71,-13.15,-42.27,-39.58,25.49,8.21
759,-195,-44,469,3150,1954,47.81,-8.35,1.03,4.69,31.50,19.54,7.92,-13.18,-42.27,-30.43,22.63,8.62
744,-189,-48,485,3149,1927,47.57,-8.67,0.63,4.85,31.49,19.27,8.13,-13.22,-42.26,-28.74,21.13,8.54
671,-143,-64,513,3163,1880,46.90,-8.67,0.18,5.13,31.63,18.80,8.34,-13.25,-42.25,-19.00,14.13,9.41
628,-107,-67,518,3170,1892,46.04,-8.46,-0.25,5.18,31.70,18.92,8.54,-13.29,-42.24,-14.20,9.07,9.21
484,-42,-76,559,3124,1871,44.39,-7.87,-0.69,5.59,31.24,18.71,8.74,-13.32,-42.23,4.50,0.29,9.51
435,-33,-76,547,3116,1896,42.61,-7.28,-1.08,5.47,31.16,18.96,8.93,-13.34,-42.22,8.46,0.05,9.09
222,-31,-64,548,3101,1920,39.70,-6.74,-1.37,5.48,31.01,19.20,9.11,-13.37,-42.20,35.32,0.78,7.78
158,-38,-57,543,3104,1936,36.69,-6.30,-1.58,5.43,31.04,19.36,9.28,-13.39,-42.19,39.28,2.70,6.96
-71,-65,-22,545,3138,1929,32.59,-6.07,-1.55,5.45,31.38,19.29,9.43,-13.42,-42.17,66.33,7.28,4.02
-172,-77,-10,547,3142,1923,28.28,-5.93,-1.46,5.47,31.42,19.23,9.56,-13.44,-42.16,73.48,9.38,3.10
-481,-115,-1,541,3103,1873,22.52,-6.04,-1.32,5.41,31.03,18.73,9.68,-13.46,-42.15,109.62,14.99,2.48
-569,-126,-7,538,3081,1857,16.80,-6.20,-1.23,5.38,30.81,18.57,9.76,-13.48,-42.13,112.14,16.37,3.08
-828,-120,-15,571,3071,1881,10.07,-6.31,-1.20,5.71,30.71,18.81,9.82,-13.51,-42.12,138.85,15.26,3.79
-892,-102,-13,578,3058,1859,3.62,-6.31,-1.16,5.78,30.58,18.59,9.86,-13.53,-42.10,136.38,12.54,3.67
-938,-30,1,579,2999,1963,-2.46,-5.86,-1.04,5.79,29.99,19.63,9.87,-13.56,-42.09,131.86,2.43,2.61
-983,-35,2,606,3000,2017,-8.21,-5.49,-0.92,6.06,30.00,20.17,9.86,-13.58,-42.08,127.84,3.91,2.64
-1049,5,1,625,2934,2085,-13.79,-4.91,-0.82,6.25,29.34,20.85,9.82,-13.60,-42.07,127.37,-1.08,2.83
-1084,1,-3,603,2909,2115,-19.03,-4.41,-0.76,6.03,29.09,21.15,9.77,-13.61,-42.06,122.83,0.48,3.24
-1224,-32,-2,654,2942,2264,-24.59,-4.16,-0.69,6.54,29.42,22.64,9.69,-13.63,-42.05,133.69,5.99,3.22
-1288,-42,11,589,2904,2296,-29.99,-4.00,-0.56,5.89,29.04,22.96,9.59,-13.64,-42.04,133.30,7.83,2.26
-1525,-67,34,562,2809,2299,-36.29,-4.01,-0.29,5.62,28.09,22.99,9.46,-13.66,-42.03,157.58,11.63,0.59
-1605,-73,36,552,2768,2299,-42.45,-4.06,-0.05,5.52,27.68,22.99,9.31,-13.67,-42.02,158.21,12.47,0.68
-1897,-62,46,556,2717,2354,-49.78,-4.03,0.24,5.56,27.17,23.54,9.13,-13.69,-42.02,188.98,10.86,0.14
-2023,-21,67,527,2702,2409,-57.14,-3.75,0.62,5.27,27.02,24.09,8.92,-13.70,-42.01,194.39,5.14,-1.23
-2238,67,109,500,2617,2416,-65.08,-2.97,1.23,5.00,26.17,24.16,8.68,-13.71,-42.01,212.31,-6.79,-4.15
-2269,83,114,506,2597,2453,-72.41,-2.17,1.80,5.06,25.97,24.53,8.41,-13.72,-42.01,203.33,-7.71,-3.97
-2216,195,112,475,2578,2568,-78.69,-0.76,2.30,4.75,25.78,25.68,8.11,-13.72,-42.02,183.55,-22.12,-3.27
-2172,221,108,469,2560,2611,-84.07,0.66,2.73,4.69,25.60,26.11,7.79,-13.72,-42.02,166.86,-23.39,-2.48
-1983,261,86,450,2473,2745,-87.76,2.19,2.98,4.50,24.73,27.45,7.45,-13.71,-42.03,131.27,-26.61,-0.34
-1936,254,79,443,2445,2775,-90.79,3.52,3.17,4.43,24.45,27.75,7.11,-13.70,-42.04,118.59,-23.03,0.44
-1681,258,55,429,2321,2848,-91.97,4.74,3.19,4.29,23.21,28.48,6.75,-13.68,-42.05,77.71,-21.34,2.50
-1622,247,48,434,2300,2910,-92.66,5.77,3.16,4.34,23.00,29.10,6.40,-13.65,-42.07,67.63,-17.72,3.06
-1509,192,45,430,2211,2993,-92.60,6.37,3.12,4.30,22.11,29.93,6.04,-13.62,-42.08,50.75,-8.23,3.28
-1371,193,48,442,2157,3020,-91.71,6.91,3.10,4.42,21.57,30.20,5.69,-13.59,-42.09,31.63,-7.38,3.00
-1005,192,85,426,2087,3020,-88.67,7.39,3.31,4.26,20.87,30.20,5.35,-13.56,-42.10,-18.20,-6.33,0.09
-922,199,98,425,2071,3043,-85.42,7.86,3.57,4.25,20.71,30.43,5.02,-13.53,-42.11,-24.50,-6.52,-0.73
-661,225,140,405,2045,3030,-80.91,8.45,4.07,4.05,20.45,30.30,4.71,-13.49,-42.13,-55.56,-9.40,-3.76
-599,235,147,392,2035,3054,-76.48,9.04,4.56,3.92,20.35,30.54,4.42,-13.46,-42.15,-56.41,-9.84,-3.83
-490,258,170,356,2076,3117,-71.82,9.71,5.14,3.56,20.76,31.17,4.15,-13.41,-42.17,-64.03,-12.10,-5.16
-483,266,176,354,2067,3112,-67.58,10.36,5.70,3.54,20.67,31.12,3.89,-13.37,-42.19,-56.91,-12.12,-5.08
-548,271,187,330,2051,3143,-64.17,10.98,6.27,3.30,20.51,31.43,3.64,-13.32,-42.21,-40.36,-11.74,-5.40
-578,282,189,334,2052,3164,-61.28,11.60,6.80,3.34,20.52,31.64,3.41,-13.27,-42.24,-30.16,-12.27,-5.01
-498,416,192,302,2003,3019,-58.19,12.98,7.29,3.02,20.03,30.19,3.19,-13.22,-42.27,-36.36,-30.14,-4.74
-518,422,182,337,1972,3195,-55.53,14.25,7.67,3.37,19.72,31.95,2.98,-13.16,-42.30,-28.14,-28.67,-3.49
-807,426,174,290,1961,3299,-54.90,15.43,7.96,2.90,19.61,32.99,2.77,-13.10,-42.33,17.27,-27.10,-2.50
-887,431,176,286,1943,3329,-54.82,16.51,8.24,2.86,19.43,33.29,2.56,-13.03,-42.36,29.76,-25.85,-2.37
-1242,375,191,311,1890,3314,-56.91,17.15,8.58,3.11,18.90,33.14,2.34,-12.96,-42.40,80.07,-16.16,-3.28
-1320,365,196,297,1862,3332,-59.27,17.66,8.92,2.97,18.62,33.32,2.11,-12.88,-42.43,87.64,-13.71,-3.34
-1575,336,201,295,1797,3370,-62.95,17.94,9.25,2.95,17.97,33.70,1.87,-12.81,-42.47,119.72,-8.80,-3.41
-1618,335,199,296,1777,3370,-66.53,18.19,9.54,2.96,17.77,33.70,1.61,-12.73,-42.51,119.68,-8.23,-2.93
-1747,327,186,244,1679,3397,-70.53,18.37,9.72,2.44,16.79,33.97,1.34,-12.65,-42.54,131.95,-6.73,-1.63
-1766,326,179,244,1647,3398,-74.25,18.52,9.84,2.44,16.47,33.98,1.05,-12.57,-42.58,127.99,-6.34,-0.91
-1831,330,138,211,1533,3472,-78.00,18.68,9.70,2.11,15.33,34.72,0.75,-12.49,-42.62,131.01,-6.70,2.42
-1849,341,117,196,1487,3470,-81.47,18.89,9.44,1.96,14.87,34.70,0.43,-12.41,-42.66,127.38,-8.03,3.93
-1888,364,75,171,1353,3527,-84.84,19.22,8.96,1.71,13.53,35.27,0.10,-12.33,-42.69,127.16,-10.96,6.97
-1901,376,64,169,1326,3534,-87.96,19.60,8.45,1.69,13.26,35.34,-0.24,-12.24,-42.72,123.48,-12.15,7.37
-1927,412,34,115,1197,3522,-90.91,20.15,7.81,1.15,11.97,35.22,-0.60,-12.15,-42.75,122.07,-16.65,9.24
-1930,425,30,109,1166,3550,-93.60,20.73,7.22,1.09,11.66,35.50,-0.96,-12.06,-42.77,117.69,-17.60,8.95
-1896,513,42,41,1063,3580,-95.80,21.78,6.75,0.41,10.63,35.80,-1.33,-11.96,-42.79,108.57,-29.08,7.44
-1863,548,52,24,1027,3592,-97.59,22.95,6.39,0.24,10.27,35.92,-1.71,-11.86,-42.81,100.41,-32.28,6.22
-1727,674,100,-14,922,3655,-98.36,24.76,6.36,-0.14,9.22,36.55,-2.10,-11.75,-42.83,78.45,-48.13,2.12
-1711,693,109,-7,882,3678,-98.96,26.52,6.39,-0.07,8.82,36.78,-2.48,-11.63,-42.85,75.13,-47.79,1.39
-1733,723,111,-4,695,3749,-99.64,28.27,6.43,-0.04,6.95,37.49,-2.87,-11.50,-42.87,77.46,-49.11,1.26
-1775,718,103,7,623,3758,-100.50,29.83,6.41,0.07,6.23,37.58,-3.26,-11.37,-42.89,82.49,-45.50,1.93
-1838,709,91,-5,463,3710,-101.66,31.17,6.33,-0.05,4.63,37.10,-3.66,-11.23,-42.90,90.16,-41.68,2.85
-1769,758,93,-67,442,3629,-102.29,32.68,6.26,-0.67,4.42,36.29,-4.06,-11.09,-42.92,78.72,-46.39,2.62
-1692,820,149,-200,388,3818,-102.38,34.41,6.55,-2.00,3.88,38.18,-4.46,-10.93,-42.93,67.07,-52.66,-1.83
-1722,841,169,-274,366,3858,-102.65,36.10,6.92,-2.74,3.66,38.58,-4.87,-10.77,-42.95,71.40,-52.77,-3.12
-1862,883,236,-331,277,3779,-103.74,37.88,7.67,-3.31,2.77,37.79,-5.28,-10.60,-42.96,90.95,-55.92,-8.01
-1905,872,246,-309,233,3785,-104.99,39.41,8.40,-3.09,2.33,37.85,-5.69,-10.43,-42.98,95.42,-51.46,-8.08
-2052,828,216,-298,52,3771,-107.01,40.52,8.88,-2.98,0.52,37.71,-6.11,-10.25,-43.00,114.30,-42.77,-5.03
-2075,822,200,-306,16,3752,-108.96,41.48,9.21,-3.06,0.16,37.52,-6.55,-10.06,-43.01,114.38,-40.15,-3.32
-2075,828,158,-409,-69,3730,-110.72,42.38,9.25,-4.09,-0.69,37.30,-6.99,-9.87,-43.03,111.34,-39.48,0.29
-1984,873,148,-469,-133,3724,-111.75,43.47,9.23,-4.69,-1.33,37.24,-7.43,-9.68,-43.04,95.80,-44.41,1.11
-1663,1010,128,-568,-279,3792,-110.72,45.28,9.09,-5.68,-2.79,37.92,-7.87,-9.47,-43.05,49.10,-62.00,2.66
-1582,1042,123,-589,-296,3829,-109.30,47.11,8.93,-5.89,-2.96,38.29,-8.31,-9.26,-43.06,39.72,-63.56,2.91
-1505,1006,95,-572,-410,3916,-107.55,48.54,8.62,-5.72,-4.10,39.16,-8.74,-9.05,-43.07,31.58,-55.51,4.95
-1515,975,82,-562,-435,3917,-106.04,49.63,8.26,-5.62,-4.35,39.17,-9.16,-8.83,-43.07,36.25,-48.86,5.67
-1420,936,30,-557,-469,3751,-104.10,50.38,7.61,-5.57,-4.69,37.51,-9.57,-8.61,-43.07,25.71,-41.64,9.40
-1322,944,21,-562,-458,3709,-101.75,51.10,6.98,-5.62,-4.58,37.09,-9.98,-8.38,-43.06,15.47,-41.65,9.49
-988,981,25,-553,-475,3621,-97.60,51.97,6.43,-5.53,-4.75,36.21,-10.36,-8.16,-43.05,-27.35,-45.78,8.57
-892,993,28,-559,-496,3623,-93.28,52.83,5.96,-5.59,-4.96,36.23,-10.73,-7.93,-43.03,-33.57,-46.14,7.81
-611,1021,46,-639,-495,3641,-87.68,53.78,5.65,-6.39,-4.95,36.41,-11.07,-7.69,-43.01,-65.58,-48.77,5.95
-520,1051,58,-716,-500,3685,-82.09,54.81,5.44,-7.16,-5.00,36.85,-11.40,-7.46,-42.99,-68.65,-51.54,4.71
-420,1108,67,-858,-529,3698,-76.44,56.09,5.30,-8.58,-5.29,36.98,-11.70,-7.22,-42.96,-73.01,-57.98,3.80
-413,1112,62,-847,-541,3675,-71.31,57.26,5.15,-8.47,-5.41,36.75,-11.98,-6.97,-42.94,-64.18,-56.52,4.06
-422,1081,28,-778,-571,3532,-66.76,58.13,4.80,-7.78,-5.71,35.32,-12.24,-6.72,-42.91,-54.01,-50.32,6.58
-405,1086,14,-791,-591,3506,-62.55,58.94,4.41,-7.91,-5.91,35.06,-12.48,-6.47,-42.87,-48.47,-49.71,7.34
-114,1223,-29,-930,-588,3371,-56.99,60.51,3.79,-9.30,-5.88,33.71,-12.70,-6.21,-42.83,-82.17,-67.81,10.33
-70,1255,-37,-990,-607,3523,-51.72,62.11,3.19,-9.90,-6.07,35.23,-12.90,-5.95,-42.79,-78.77,-69.82,10.36
-133,1412,-75,-1418,-748,3862,-47.36,64.51,2.41,-14.18,-7.48,38.62,-13.09,-5.68,-42.74,-60.78,-89.39,12.75
-161,1481,-76,-1464,-706,3844,-43.61,67.10,1.71,-14.64,-7.06,38.44,-13.25,-5.39,-42.69,-49.29,-95.21,12.09
-354,1501,-133,-1485,-664,3836,-41.40,69.54,0.72,-14.85,-6.64,38.36,-13.41,-5.11,-42.63,-15.58,-93.82,15.87
-452,1458,-156,-1421,-734,3917,-40.02,71.48,-0.30,-14.21,-7.34,39.17,-13.56,-4.81,-42.56,2.08,-83.78,16.73
-716,1296,-182,-1577,-856,3991,-40.39,72.24,-1.38,-15.77,-8.56,39.91,-13.72,-4.51,-42.48,41.75,-57.84,17.78
-771,1247,-182,-1603,-867,3983,-41.05,72.62,-2.35,-16.03,-8.67,39.83,-13.87,-4.21,-42.40,48.98,-49.84,16.75
-935,1015,-185,-1606,-990,3984,-42.65,71.55,-3.25,-16.06,-9.90,39.84,-14.04,-3.92,-42.32,71.08,-16.68,16.05
-954,959,-186,-1595,-999,3965,-44.20,70.25,-4.06,-15.95,-9.99,39.65,-14.21,-3.63,-42.24,71.14,-10.80,15.27
-988,748,-165,-1664,-1036,3944,-45.81,67.79,-4.66,-16.64,-10.36,39.44,-14.39,-3.36,-42.15,73.40,16.53,12.84
-975,708,-157,-1678,-1053,3930,-47.18,65.33,-5.15,-16.78,-10.53,39.30,-14.57,-3.09,-42.07,68.95,17.80,11.64
-887,558,-148,-1683,-1127,3825,-47.87,62.20,-5.54,-16.83,-11.27,38.25,-14.76,-2.84,-41.98,54.34,34.58,10.45
-737,425,-159,-1767,-1176,3785,-47.58,58.57,-5.95,-17.67,-11.76,37.85,-14.95,-2.60,-41.90,32.15,47.83,10.94
-695,404,-163,-1784,-1158,3777,-47.06,55.18,-6.35,-17.84,-11.58,37.77,-15.14,-2.37,-41.82,26.85,44.46,10.85
-527,305,-160,-1747,-1142,3615,-45.57,51.52,-6.69,-17.47,-11.42,36.15,-15.32,-2.16,-41.74,4.17,52.49,10.23
-487,289,-162,-1698,-1145,3583,-43.98,48.13,-7.01,-16.98,-11.45,35.83,-15.49,-1.97,-41.66,1.19,48.39,10.05
-337,254,-173,-1671,-1120,3434,-41.64,44.87,-7.37,-16.71,-11.20,34.34,-15.66,-1.78,-41.58,-17.14,47.42,10.60
-286,253,-174,-1670,-1121,3393,-39.22,41.92,-7.69,-16.70,-11.21,33.93,-15.81,-1.61,-41.51,-20.23,41.89,10.33
-58,290,-173,-1625,-1117,3279,-35.65,39.50,-7.98,-16.25,-11.17,32.79,-15.96,-1.45,-41.43,-48.15,31.55,9.94
-7,299,-169,-1604,-1102,3266,-32.13,37.37,-8.21,-16.04,-11.02,32.66,-16.08,-1.30,-41.36,-49.17,26.05,9.35
141,345,-151,-1612,-1112,3249,-28.06,35.74,-8.31,-16.12,-11.12,32.49,-16.20,-1.15,-41.29,-63.95,15.84,7.71
226,398,-130,-1605,-1075,3221,-23.87,34.59,-8.27,-16.05,-10.75,32.21,-16.29,-1.01,-41.22,-68.93,5.49,5.96
230,404,-121,-1608,-1079,3210,-20.08,33.60,-8.18,-16.08,-10.79,32.10,-16.37,-0.87,-41.15,-62.30,2.60,5.29
216,431,-100,-1700,-1122,3179,-16.76,32.87,-7.97,-17.00,-11.22,31.79,-16.44,-0.74,-41.08,-53.83,-2.99,3.73
208,463,-97,-1776,-1121,3205,-13.81,32.41,-7.77,-17.76,-11.21,32.05,-16.50,-0.60,-41.02,-46.99,-8.83,3.68
191,615,-90,-1794,-1163,3337,-11.27,32.92,-7.54,-17.94,-11.63,33.37,-16.54,-0.47,-40.95,-39.55,-31.13,3.33
132,620,-95,-1491,-1215,3278,-9.33,33.41,-7.37,-14.91,-12.15,32.78,-16.58,-0.33,-40.88,-26.86,-31.06,3.93
142,680,-141,-1550,-1221,3039,-7.53,34.21,-7.49,-15.50,-12.21,30.39,-16.62,-0.19,-40.82,-24.96,-38.77,7.69
182,671,-122,-1787,-1133,2925,-5.67,34.89,-7.49,-17.87,-11.33,29.25,-16.64,-0.05,-40.75,-27.51,-36.22,6.08
101,669,39,-2301,-878,3306,-4.49,35.48,-6.50,-23.01,-8.78,33.06,-16.66,0.10,-40.68,-12.91,-34.89,-6.52
54,704,78,-2366,-856,3233,-3.71,36.23,-5.37,-23.66,-8.56,32.33,-16.67,0.25,-40.62,-4.26,-38.92,-8.64
-171,818,123,-2128,-847,3246,-4.38,37.59,-4.09,-21.28,-8.47,32.46,-16.69,0.41,-40.56,28.79,-53.82,-11.10
-230,846,105,-2097,-863,3175,-5.35,38.99,-3.04,-20.97,-8.63,31.75,-16.71,0.57,-40.50,35.98,-55.54,-8.47
-399,913,-29,-2157,-912,3235,-7.25,40.66,-2.91,-21.57,-9.12,32.35,-16.74,0.74,-40.45,58.17,-62.71,3.02
-438,954,-111,-2250,-938,3275,-9.19,42.42,-3.30,-22.50,-9.38,32.75,-16.78,0.92,-40.38,60.46,-65.76,9.55
-427,1051,-299,-2285,-982,3339,-10.88,44.59,-4.79,-22.85,-9.82,33.39,-16.82,1.10,-40.31,55.62,-76.56,23.89
-401,1078,-347,-2275,-1000,3354,-12.24,46.70,-6.43,-22.75,-10.00,33.54,-16.87,1.29,-40.24,49.11,-76.79,26.21
-363,1093,-502,-2298,-1061,3422,-13.23,48.70,-8.85,-22.98,-10.61,34.22,-16.93,1.49,-40.15,41.48,-75.43,36.78
-382,1075,-528,-2354,-1055,3431,-14.23,50.39,-11.18,-23.54,-10.55,34.31,-16.99,1.69,-40.04,42.51,-69.62,36.50
-398,1061,-557,-2855,-1016,3383,-15.24,51.82,-13.46,-28.55,-10.16,33.83,-17.05,1.89,-39.93,43.09,-64.90,36.53
-326,1128,-503,-2670,-1044,3261,-15.70,53.52,-15.18,-26.70,-10.44,32.61,-17.12,2.09,-39.81,31.27,-72.03,30.12
-298,1162,-489,-2649,-1069,3222,-15.95,55.26,-16.65,-26.49,-10.69,32.22,-17.19,2.30,-39.68,26.58,-74.07,27.37
-152,1310,-394,-2683,-1070,3089,-15.28,57.72,-17.39,-26.83,-10.70,30.89,-17.26,2.52,-39.55,5.62,-92.11,18.53
-109,1356,-364,-2708,-1088,3109,-14.42,60.22,-17.87,-27.08,-10.88,31.09,-17.32,2.75,-39.41,0.74,-94.55,15.46
-77,1458,-264,-2804,-1175,3179,-13.45,63.09,-17.69,-28.04,-11.75,31.79,-17.38,2.99,-39.26,-2.25,-104.82,7.17
-101,1459,-246,-2823,-1184,3203,-12.72,65.68,-17.42,-28.23,-11.84,32.03,-17.44,3.23,-39.12,2.82,-100.23,5.91
-105,1454,-164,-2898,-1225,3209,-12.09,67.98,-16.68,-28.98,-12.25,32.09,-17.50,3.49,-38.97,4.67,-95.28,-0.26
-69,1454,-142,-2914,-1259,3194,-11.30,70.06,-15.88,-29.14,-12.59,31.94,-17.56,3.76,-38.83,0.71,-91.53,-1.29
117,1392,-44,-2909,-1254,3182,-9.46,71.54,-14.56,-29.09,-12.54,31.82,-17.61,4.03,-38.68,-24.13,-79.44,-8.21
167,1353,-12,-2908,-1250,3186,-7.49,72.64,-13.18,-29.08,-12.50,31.86,-17.65,4.31,-38.55,-28.01,-71.60,-9.47
308,1094,96,-2892,-1251,3056,-4.86,72.05,-11.27,-28.92,-12.51,30.56,-17.68,4.59,-38.41,-44.51,-33.40,-16.61
651,874,158,-2884,-1186,2769,-0.41,70.18,-9.18,-28.84,-11.86,27.69,-17.69,4.86,-38.29,-88.37,-3.58,-19.66
766,795,177,-2856,-1118,2668,4.31,68.01,-7.19,-28.56,-11.18,26.68,-17.69,5.13,-38.18,-96.98,4.18,-19.17
912,592,197,-2832,-1093,2785,9.44,64.82,-5.26,-28.32,-10.93,27.85,-17.66,5.39,-38.08,-109.55,28.93,-18.84
883,560,187,-2906,-1050,2642,13.88,61.75,-3.60,-29.06,-10.50,26.42,-17.61,5.64,-38.00,-96.74,27.84,-16.23
714,559,160,-2992,-948,2670,16.85,58.99,-2.26,-29.92,-9.48,26.70,-17.56,5.88,-37.91,-65.39,22.59,-12.54
654,584,152,-3011,-934,2639,19.15,56.65,-1.11,-30.11,-9.34,26.39,-17.49,6.11,-37.84,-51.92,14.20,-10.65
382,638,109,-3046,-921,2601,19.57,54.88,-0.33,-30.46,-9.21,26.01,-17.42,6.34,-37.77,-9.70,2.46,-6.19
314,651,90,-3044,-919,2603,19.53,53.36,0.25,-30.44,-9.19,26.03,-17.35,6.56,-37.71,0.55,-2.54,-3.97
56,619,17,-3006,-918,2504,17.92,51.80,0.33,-30.06,-9.18,25.04,-17.28,6.78,-37.65,36.80,-0.76,2.30
2,595,2,-2983,-923,2477,16.14,50.25,0.31,-29.83,-9.23,24.77,-17.23,6.99,-37.59,41.63,-0.18,3.54
-172,482,-25,-2906,-980,2413,13.47,48.17,0.12,-29.06,-9.80,24.13,-17.18,7.19,-37.53,63.09,12.97,5.63
-210,457,-27,-2882,-994,2379,10.85,46.14,-0.05,-28.82,-9.94,23.79,-17.15,7.39,-37.48,63.88,12.81,5.60
-320,414,-21,-2905,-1118,2427,7.81,44.05,-0.18,-29.05,-11.18,24.27,-17.12,7.57,-37.43,74.89,15.29,4.96
-343,432,-20,-2955,-1122,2422,4.94,42.28,-0.28,-29.55,-11.22,24.22,-17.11,7.75,-37.37,72.95,9.08,4.76
-348,443,33,-2994,-1103,2434,2.32,40.75,-0.05,-29.94,-11.03,24.34,-17.11,7.93,-37.32,68.76,4.40,0.51
-339,440,50,-2986,-1107,2468,0.02,39.36,0.26,-29.86,-11.07,24.68,-17.12,8.10,-37.28,63.03,2.11,-0.61
-285,375,107,-2990,-1094,2547,-1.72,37.71,0.89,-29.90,-10.94,25.47,-17.14,8.26,-37.24,51.51,8.79,-4.78
-263,345,119,-3004,-1092,2567,-3.15,36.05,1.52,-30.04,-10.92,25.67,-17.16,8.42,-37.20,45.46,10.10,-5.12
-150,170,143,-3024,-1084,2617,-3.75,33.48,2.24,-30.24,-10.84,26.17,-17.18,8.56,-37.17,27.10,31.83,-6.39
-120,120,147,-3027,-1075,2631,-4.11,30.86,2.92,-30.27,-10.75,26.31,-17.20,8.70,-37.14,21.87,34.41,-6.02
-17,-79,158,-2971,-1029,2630,-3.80,27.29,3.59,-29.71,-10.29,26.30,-17.22,8.83,-37.12,6.76,57.92,-6.25
4,-140,160,-2948,-1010,2618,-3.40,23.71,4.21,-29.48,-10.10,26.18,-17.24,8.94,-37.11,4.33,60.36,-5.76
52,-387,151,-2849,-944,2567,-2.74,18.98,4.71,-28.49,-9.44,25.67,-17.25,9.04,-37.11,-1.74,89.00,-4.47
52,-508,132,-2760,-948,2539,-2.15,13.98,5.04,-27.60,-9.48,25.39,-17.26,9.12,-37.11,-0.61,97.93,-2.51
18,-763,46,-2732,-947,2557,-1.82,7.93,4.82,-27.32,-9.47,25.57,-17.27,9.17,-37.12,5.19,125.32,4.54
-4,-827,19,-2737,-943,2588,-1.67,2.09,4.45,-27.37,-9.43,25.88,-17.27,9.20,-37.13,8.85,124.01,6.45
-109,-1020,-41,-2802,-871,2722,-2.16,-4.34,3.76,-28.02,-8.71,27.22,-17.28,9.21,-37.15,23.93,141.25,10.79
-164,-1091,-52,-2828,-851,2789,-2.95,-10.56,3.06,-28.28,-8.51,27.89,-17.29,9.19,-37.18,30.83,140.31,10.99
-368,-1327,-93,-2853,-869,2863,-4.90,-17.60,2.19,-28.53,-8.69,28.63,-17.30,9.14,-37.21,58.26,163.00,13.55
-428,-1400,-110,-2880,-850,2872,-7.02,-24.38,1.30,-28.80,-8.50,28.72,-17.32,9.07,-37.24,63.41,161.34,14.05
-641,-1709,-181,-2999,-843,2820,-10.23,-32.37,0.07,-29.99,-8.43,28.20,-17.36,8.97,-37.28,89.84,193.40,18.76
-685,-1779,-203,-2985,-860,2842,-13.38,-39.98,-1.18,-29.85,-8.60,28.42,-17.40,8.83,-37.32,90.60,189.75,19.31
-807,-1897,-311,-2867,-998,2975,-16.97,-47.55,-2.96,-28.67,-9.98,29.75,-17.46,8.66,-37.37,102.46,193.51,26.58
-829,-1904,-391,-2846,-1049,2946,-20.33,-54.41,-5.05,-28.46,-10.49,29.46,-17.54,8.47,-37.42,99.50,181.71,31.15
-825,-1998,-476,-2801,-919,2762,-23.33,-61.16,-7.45,-28.01,-9.19,27.62,-17.63,8.24,-37.46,93.26,183.42,35.81
-830,-2049,-488,-2757,-886,2743,-26.06,-67.54,-9.68,-27.57,-8.86,27.43,-17.72,7.99,-37.51,88.92,179.27,34.47
-931,-2073,-582,-2590,-1025,2841,-29.13,-73.43,-12.26,-25.90,-10.25,28.41,-17.84,7.72,-37.55,98.57,171.96,39.70
-1039,-1937,-769,-2609,-1149,2832,-32.56,-77.91,-15.73,-26.09,-11.49,28.32,-17.96,7.42,-37.59,108.64,142.94,51.88
-1065,-1892,-791,-2594,-1133,2826,-35.80,-81.66,-18.98,-25.94,-11.33,28.26,-18.10,7.10,-37.62,106.56,129.18,50.30
-1075,-1609,-730,-2414,-1214,2834,-38.77,-83.31,-21.53,-24.14,-12.14,28.34,-18.26,6.78,-37.64,102.55,83.12,42.43
-976,-1202,-573,-2414,-1329,2781,-40.85,-82.31,-22.88,-24.14,-13.29,27.81,-18.42,6.45,-37.65,83.63,23.15,27.71
-931,-1084,-529,-2402,-1421,2851,-42.44,-80.69,-23.81,-24.02,-14.21,28.51,-18.60,6.14,-37.67,73.86,8.44,22.99
-1108,-898,-362,-2232,-1557,3044,-44.96,-78.10,-23.64,-22.32,-15.57,30.44,-18.78,5.83,-37.68,96.21,-14.82,9.03
-1089,-813,-250,-2196,-1580,2996,-47.11,-75.25,-22.80,-21.96,-15.80,29.96,-18.97,5.53,-37.69,89.38,-22.19,0.43
-686,-694,-8,-2112,-1629,3059,-46.58,-71.96,-20.57,-21.12,-16.29,30.59,-19.16,5.25,-37.70,29.04,-33.91,-17.71
-586,-664,49,-2104,-1652,3121,-45.50,-68.81,-18.21,-21.04,-16.52,31.21,-19.35,4.98,-37.72,15.96,-32.36,-20.04
-166,-543,215,-2296,-1624,3382,-41.96,-65.24,-15.08,-22.96,-16.24,33.82,-19.52,4.73,-37.75,-41.28,-43.89,-30.79
81,-583,287,-2140,-1551,3733,-37.27,-62.27,-11.82,-21.40,-15.51,37.33,-19.67,4.50,-37.79,-69.96,-32.01,-33.43
50,-677,294,-2113,-1520,3775,-33.24,-60.18,-8.85,-21.13,-15.20,37.75,-19.80,4.28,-37.84,-57.51,-13.56,-30.87
222,-945,297,-2024,-1475,3529,-28.56,-59.92,-6.15,-20.24,-14.75,35.29,-19.91,4.06,-37.90,-74.81,27.93,-28.26
406,-1018,287,-2069,-1444,3376,-23.23,-60.14,-3.79,-20.69,-14.44,33.76,-20.00,3.85,-37.97,-92.71,38.80,-24.91
830,-1382,193,-1989,-1311,3769,-15.84,-62.56,-2.23,-19.89,-13.11,37.69,-20.06,3.63,-38.04,-143.34,89.88,-15.29
944,-1690,13,-1994,-1248,3766,-8.50,-66.61,-1.93,-19.94,-12.48,37.66,-20.08,3.40,-38.13,-146.80,129.32,0.29
964,-1819,-66,-1980,-1198,3773,-1.77,-71.05,-2.14,-19.80,-11.98,37.73,-20.08,3.15,-38.22,-137.10,140.76,6.77
1033,-1960,-172,-1851,-1102,3658,4.71,-75.90,-2.97,-18.51,-11.02,36.58,-20.06,2.87,-38.31,-135.37,153.25,14.87
1039,-1998,-194,-1832,-1120,3648,10.58,-80.49,-3.86,-18.32,-11.20,36.48,-20.01,2.58,-38.41,-125.21,150.53,15.81
1087,-2017,-300,-1735,-1234,3556,16.15,-84.75,-5.30,-17.35,-12.34,35.56,-19.94,2.28,-38.50,-122.02,145.57,23.27
1107,-1967,-342,-1558,-1273,3426,21.29,-88.27,-6.86,-15.58,-12.73,34.26,-19.85,1.95,-38.60,-115.40,131.49,25.19
1114,-1952,-336,-1504,-1299,3421,25.95,-91.35,-8.22,-15.04,-12.99,34.21,-19.75,1.62,-38.69,-107.70,123.59,23.24
1135,-1871,-287,-1367,-1485,3376,30.28,-93.63,-9.15,-13.67,-14.85,33.76,-19.63,1.27,-38.78,-102.78,107.15,18.12
1117,-1693,-170,-1413,-1725,3435,34.07,-94.59,-9.27,-14.13,-17.25,34.35,-19.49,0.92,-38.87,-92.95,78.41,8.08
1097,-1636,-124,-1409,-1784,3478,37.35,-95.11,-9.10,-14.09,-17.84,34.78,-19.35,0.56,-38.97,-83.78,68.97,4.37
967,-1459,146,-1121,-1662,3587,39.52,-94.50,-7.30,-11.21,-16.62,35.87,-19.20,0.22,-39.06,-59.95,43.37,-16.58
855,-1420,451,-1011,-1238,3662,40.78,-93.71,-3.82,-10.11,-12.38,36.62,-19.03,-0.13,-39.17,-40.59,39.14,-38.73
528,-1383,912,-907,-432,3832,39.92,-92.78,2.13,-9.07,-4.32,38.32,-18.86,-0.46,-39.30,7.54,35.49,-71.48
436,-1394,991,-878,-408,3848,38.59,-92.01,7.96,-8.78,-4.08,38.48,-18.70,-0.79,-39.45,18.94,38.85,-71.98
155,-1508,976,-884,-334,3856,35.68,-92.00,13.12,-8.84,-3.34,38.56,-18.54,-1.11,-39.62,56.17,56.44,-65.24
110,-1528,884,-764,-321,3833,32.78,-92.12,17.20,-7.64,-3.21,38.33,-18.40,-1.42,-39.80,57.46,59.48,-53.10
53,-1649,714,-533,-363,3605,29.83,-92.97,19.83,-5.33,-3.63,36.05,-18.28,-1.74,-39.99,60.47,76.53,-35.89
118,-1642,658,-492,-347,3560,27.56,-93.69,21.86,-4.92,-3.47,35.60,-18.16,-2.06,-40.19,46.19,74.31,-28.98
552,-1482,341,-491,-214,3390,28.17,-93.36,21.76,-4.91,-2.14,33.90,-18.04,-2.37,-40.39,-18.91,50.75,-2.22
688,-1391,250,-413,-308,3407,29.55,-92.51,21.11,-4.13,-3.08,34.07,-17.91,-2.69,-40.58,-37.12,38.69,4.82
597,-1200,148,-530,-421,3816,30.24,-90.58,19.90,-5.30,-4.21,38.16,-17.79,-3.00,-40.77,-22.03,13.42,12.20
501,-1059,72,-614,-482,3764,30.27,-87.98,18.35,-6.14,-4.82,37.64,-17.67,-3.30,-40.95,-7.41,-2.96,17.01
525,-810,-63,-509,-544,3928,30.45,-84.12,16.13,-5.09,-5.44,39.28,-17.54,-3.59,-41.11,-10.82,-33.44,26.12
518,-771,-82,-468,-547,3969,30.56,-80.41,14.02,-4.68,-5.47,39.69,-17.42,-3.86,-41.26,-9.61,-32.18,25.50
374,-870,-109,-315,-632,4234,29.79,-77.68,11.95,-3.15,-6.32,42.34,-17.30,-4.13,-41.40,10.80,-11.72,25.61
590,-768,-106,-345,-614,3970,30.41,-74.60,10.11,-3.45,-6.14,39.70,-17.17,-4.39,-41.52,-21.05,-21.27,23.42
879,-951,-82,-216,-609,4391,32.73,-72.94,8.60,-2.16,-6.09,43.91,-17.04,-4.65,-41.64,-60.82,9.95,19.80
886,-1008,-85,-245,-592,4346,34.86,-71.79,7.22,-2.45,-5.92,43.46,-16.89,-4.91,-41.75,-57.94,20.98,18.60
860,-1250,-100,-326,-556,4517,36.62,-72.24,5.89,-3.26,-5.56,45.17,-16.74,-5.16,-41.86,-50.74,57.21,18.47
826,-1297,-103,-354,-553,4548,38.00,-72.93,4.67,-3.54,-5.53,45.48,-16.59,-5.43,-41.96,-43.05,63.25,17.45
728,-1441,-74,-253,-502,4540,38.64,-74.42,3.75,-2.53,-5.02,45.40,-16.43,-5.70,-42.06,-27.00,82.55,14.03
694,-1540,-36,-113,-469,4481,39.01,-76.38,3.16,-1.13,-4.69,44.81,-16.27,-5.98,-42.15,-21.22,94.14,10.19
724,-1833,43,171,-350,4160,39.52,-79.92,3.10,1.71,-3.50,41.60,-16.10,-6.27,-42.25,-24.92,132.31,3.45
752,-1912,54,230,-299,4097,40.16,-83.59,3.12,2.30,-2.99,40.97,-15.94,-6.59,-42.36,-28.10,137.61,2.54
941,-2016,28,184,-215,3985,41.88,-87.53,2.98,1.84,-2.15,39.85,-15.77,-6.92,-42.46,-53.77,146.22,4.61
1032,-1983,5,173,-189,3937,43.99,-90.87,2.71,1.73,-1.89,39.37,-15.59,-7.26,-42.57,-63.78,135.08,6.28
1152,-1893,-97,426,-85,3909,46.62,-93.33,1.85,4.26,-0.85,39.09,-15.40,-7.61,-42.67,-77.22,116.94,14.02
1099,-1902,-125,480,-84,3881,48.66,-95.60,0.90,4.80,-0.84,38.81,-15.20,-7.98,-42.78,-65.41,114.25,15.40
876,-1881,-192,507,-90,3799,49.14,-97.52,-0.36,5.07,-0.90,37.99,-15.00,-8.36,-42.88,-30.63,107.67,19.75
808,-1865,-192,538,-80,3794,49.15,-99.14,-1.49,5.38,-0.80,37.94,-14.80,-8.74,-42.97,-20.36,102.41,18.55
799,-1623,-182,606,-142,3835,49.11,-99.13,-2.45,6.06,-1.42,38.35,-14.60,-9.13,-43.06,-19.20,65.79,16.70
684,-1576,-188,676,-136,3771,48.37,-98.83,-3.36,6.76,-1.36,37.71,-14.40,-9.52,-43.14,-3.19,59.44,16.26
396,-1598,-209,756,-204,3965,45.95,-98.69,-4.30,7.56,-2.04,39.65,-14.21,-9.91,-43.22,36.02,63.31,17.05
333,-1607,-214,771,-222,3954,43.39,-98.63,-5.17,7.71,-2.22,39.54,-14.03,-10.30,-43.30,40.65,65.07,16.55
242,-1729,-108,1053,-287,3843,40.52,-99.31,-5.31,10.53,-2.87,38.43,-13.87,-10.70,-43.37,49.00,82.64,7.43
259,-1782,-56,1161,-242,3783,38.05,-100.25,-5.12,11.61,-2.42,37.83,-13.72,-11.10,-43.45,41.63,89.21,3.23
331,-1876,-25,1488,26,3469,36.27,-101.67,-4.76,14.88,0.26,34.69,-13.57,-11.51,-43.52,27.17,101.13,0.99
359,-1876,7,1319,-35,3497,34.83,-102.94,-4.24,13.19,-0.35,34.97,-13.44,-11.93,-43.60,20.09,98.98,-1.16
371,-1775,113,1391,-2,3312,33.61,-103.48,-3.13,13.91,-0.02,33.12,-13.31,-12.35,-43.68,15.86,82.85,-8.96
369,-1720,142,1458,17,3290,32.50,-103.62,-1.95,14.58,0.17,32.90,-13.18,-12.76,-43.77,13.98,74.46,-10.16
325,-1525,196,1514,56,3207,31.23,-102.56,-0.56,15.14,0.56,32.07,-13.06,-13.18,-43.86,18.21,47.01,-13.25
286,-1439,201,1593,163,3129,29.85,-101.08,0.72,15.93,1.63,31.29,-12.95,-13.58,-43.95,21.48,36.96,-12.31
220,-1367,194,1833,247,2910,28.21,-99.31,1.83,18.33,2.47,29.10,-12.85,-13.98,-44.05,28.36,29.59,-10.53
198,-1351,179,1818,248,2897,26.60,-97.62,2.74,18.18,2.48,28.97,-12.76,-14.38,-44.15,28.60,30.62,-8.29
94,-1172,125,1744,253,2992,24.51,-95.01,3.23,17.44,2.53,29.92,-12.67,-14.76,-44.24,40.45,8.52,-3.19
65,-1097,115,1726,253,2995,22.46,-92.20,3.61,17.26,2.53,29.95,-12.60,-15.13,-44.34,40.93,2.65,-1.93
-61,-855,95,1801,221,2986,19.84,-88.20,3.83,18.01,2.21,29.86,-12.53,-15.48,-44.43,55.15,-26.44,0.00
-98,-808,92,1825,207,3003,17.26,-84.31,4.01,18.25,2.07,30.03,-12.47,-15.82,-44.52,55.86,-26.01,0.45
-246,-717,65,1997,142,2946,14.03,-80.25,4.00,19.97,1.42,29.46,-12.43,-16.15,-44.60,72.29,-31.99,2.74
-269,-714,55,2069,127,2899,10.99,-76.58,3.94,20.69,1.27,28.99,-12.40,-16.46,-44.69,70.01,-25.29,3.53
-263,-683,31,2075,82,2904,8.28,-73.09,3.73,20.75,0.82,29.04,-12.38,-16.76,-44.76,63.97,-23.21,5.35
-176,-563,48,1989,80,2968,6.38,-69.21,3.65,19.89,0.80,29.68,-12.37,-17.04,-44.84,47.09,-33.99,3.84
-96,-376,127,2039,58,3055,5.16,-64.59,4.06,20.39,0.58,30.55,-12.36,-17.30,-44.91,32.56,-53.57,-2.42
-98,-347,145,2019,35,3092,4.04,-60.24,4.54,20.19,0.35,30.92,-12.35,-17.55,-44.98,30.76,-49.60,-3.43
65,-228,191,2143,113,2979,4.04,-55.61,5.25,21.43,1.13,29.79,-12.35,-17.78,-45.05,5.88,-58.82,-6.57
83,-227,200,2206,149,2999,4.14,-51.43,5.95,22.06,1.49,29.99,-12.34,-17.99,-45.11,3.33,-50.93,-6.59
100,-297,190,2349,237,2748,4.34,-48.10,6.51,23.49,2.37,27.48,-12.34,-18.19,-45.18,1.10,-33.81,-5.14
104,-298,181,2311,257,2747,4.54,-45.11,6.96,23.11,2.57,27.47,-12.33,-18.37,-45.25,0.87,-27.87,-3.89
194,0,149,1835,248,3029,5.27,-40.60,7.18,18.35,2.48,30.29,-12.32,-18.54,-45.31,-11.48,-64.66,-0.95
140,79,132,1864,237,3103,5.59,-36.06,7.26,18.64,2.37,31.03,-12.30,-18.68,-45.37,-2.64,-68.01,0.59
-68,249,42,1962,178,2933,4.62,-30.93,6.79,19.62,1.78,29.33,-12.29,-18.81,-45.42,27.23,-84.14,7.72
-40,262,6,2159,196,3037,3.91,-26.24,6.15,21.59,1.96,30.37,-12.27,-18.93,-45.46,21.61,-77.16,10.10
-29,177,-33,2244,143,3107,3.34,-22.54,5.33,22.44,1.43,31.07,-12.26,-19.02,-45.50,18.85,-57.12,12.54
3,160,-23,2246,148,3061,3.03,-19.31,4.66,22.46,1.48,30.61,-12.25,-19.11,-45.54,13.37,-48.36,10.98
181,163,57,1961,94,3222,3.83,-16.38,4.54,19.61,0.94,32.22,-12.24,-19.18,-45.56,-12.27,-43.22,4.08
214,195,79,1930,96,3250,4.75,-13.55,4.57,19.30,0.96,32.50,-12.21,-19.25,-45.59,-15.57,-42.71,2.25
298,279,132,1947,181,3171,6.09,-10.50,4.92,19.47,1.81,31.71,-12.18,-19.30,-45.62,-25.86,-49.69,-1.87
339,302,140,1933,215,3206,7.55,-7.61,5.28,19.33,2.15,32.06,-12.15,-19.33,-45.64,-29.37,-47.70,-2.16
334,352,133,1819,237,3465,8.84,-4.70,5.56,18.19,2.37,34.65,-12.11,-19.36,-45.66,-26.21,-49.80,-1.27
329,362,123,1841,249,3428,9.96,-2.02,5.76,18.41,2.49,34.28,-12.06,-19.37,-45.68,-23.35,-46.25,-0.21
258,257,88,1918,265,3533,10.54,-0.25,5.72,19.18,2.65,35.33,-12.01,-19.38,-45.70,-11.46,-26.88,2.71
252,189,75,1921,241,3545,11.02,0.93,5.60,19.21,2.41,35.45,-11.96,-19.38,-45.72,-9.67,-14.27,3.69
271,50,73,1871,193,3480,11.57,1.14,5.49,18.71,1.93,34.80,-11.90,-19.38,-45.73,-11.56,7.33,3.74
304,38,81,1840,191,3503,12.27,1.26,5.43,18.40,1.91,35.03,-11.84,-19.38,-45.75,-15.31,9.38,3.01
413,98,121,1633,197,3695,13.56,1.73,5.63,16.33,1.97,36.95,-11.78,-19.38,-45.77,-29.52,1.12,-0.17
446,141,130,1631,231,3741,14.93,2.42,5.86,16.31,2.31,37.41,-11.71,-19.37,-45.78,-32.02,-4.14,-0.69
507,191,165,1728,319,3816,16.53,3.34,6.28,17.28,3.19,38.16,-11.63,-19.36,-45.80,-38.34,-10.03,-3.21
509,179,173,1739,330,3870,17.98,4.10,6.71,17.39,3.30,38.70,-11.55,-19.34,-45.82,-35.95,-6.77,-3.43
416,11,200,1822,475,3902,18.72,3.76,7.26,18.22,4.75,39.02,-11.47,-19.33,-45.84,-20.42,18.19,-5.14
379,-58,214,1844,526,3886,19.16,3.03,7.84,18.44,5.26,38.86,-11.38,-19.32,-45.86,-14.00,27.33,-5.71
210,-290,256,1770,617,3876,18.52,0.95,8.61,17.70,6.17,38.76,-11.30,-19.31,-45.89,10.52,58.78,-8.44
152,-340,246,1701,645,3874,17.60,-1.21,9.25,17.01,6.45,38.74,-11.22,-19.31,-45.93,17.56,62.30,-6.91
101,-327,185,1538,765,3972,16.45,-3.09,9.46,15.38,7.65,39.72,-11.15,-19.32,-45.96,23.12,56.77,-1.52
95,-305,164,1539,781,4026,15.39,-4.64,9.51,15.39,7.81,40.26,-11.09,-19.33,-46.00,21.98,50.49,0.32
76,-307,67,1617,797,4097,14.31,-6.05,8.97,16.17,7.97,40.97,-11.02,-19.35,-46.03,22.80,48.14,7.96
67,-339,40,1646,807,4145,13.29,-7.51,8.32,16.46,8.07,41.45,-10.97,-19.38,-46.07,22.19,50.26,9.56
-29,-572,-26,1852,891,4105,11.78,-10.25,7.33,18.52,8.91,41.05,-10.91,-19.42,-46.10,33.95,80.63,14.11
-61,-659,-32,1911,915,4061,10.23,-13.24,6.40,19.11,9.15,40.61,-10.87,-19.47,-46.13,35.86,88.26,13.64
-201,-959,-62,1990,925,3814,7.98,-17.77,5.38,19.90,9.25,38.14,-10.83,-19.55,-46.16,52.92,125.49,15.10
-227,-1001,-75,1986,913,3761,5.80,-22.10,4.38,19.86,9.13,37.61,-10.80,-19.64,-46.19,52.73,123.76,15.15
-240,-986,-137,1938,855,3566,3.76,-25.90,3.11,19.38,8.55,35.66,-10.78,-19.74,-46.22,50.83,114.33,19.06
-187,-889,-172,1927,816,3570,2.24,-28.74,1.75,19.27,8.16,35.70,-10.76,-19.86,-46.24,39.86,94.26,20.59
-120,-730,-244,2093,775,3488,1.28,-30.32,0.09,20.93,7.75,34.88,-10.75,-19.99,-46.26,27.83,67.10,24.93
-83,-727,-259,2170,781,3409,0.65,-31.72,-1.50,21.70,7.81,34.09,-10.74,-20.13,-46.28,20.97,64.08,24.52
14,-803,-316,2194,655,3434,0.67,-33.45,-3.28,21.94,6.55,34.34,-10.72,-20.27,-46.28,6.21,72.49,27.47
22,-814,-328,2161,648,3449,0.74,-35.07,-4.95,21.61,6.48,34.49,-10.71,-20.42,-46.29,5.11,71.20,26.71
17,-809,-329,2196,564,3399,0.77,-36.49,-6.46,21.96,5.64,33.99,-10.69,-20.58,-46.28,5.91,67.84,25.19
5,-818,-328,2236,543,3337,0.72,-37.83,-7.82,22.36,5.43,33.37,-10.67,-20.75,-46.27,7.64,66.78,23.67
-62,-891,-339,2311,456,3232,0.27,-39.49,-9.10,23.11,4.56,32.32,-10.65,-20.92,-46.26,17.00,74.90,23.24
-84,-908,-341,2321,437,3170,-0.27,-41.08,-10.27,23.21,4.37,31.70,-10.64,-21.11,-46.25,19.32,74.60,22.17
-156,-900,-359,2168,269,3232,-1.19,-42.46,-11.44,21.68,2.69,32.32,-10.62,-21.30,-46.23,28.54,70.89,22.47
-207,-849,-372,2128,196,3242,-2.34,-43.39,-12.56,21.28,1.96,32.42,-10.61,-21.49,-46.20,34.14,61.47,22.37
-372,-772,-393,2072,5,3368,-4.37,-43.76,-13.70,20.72,0.05,33.68,-10.61,-21.68,-46.18,55.45,49.16,22.94
-450,-759,-400,2103,-18,3425,-6.68,-44.02,-14.77,21.03,-0.18,34.25,-10.61,-21.88,-46.14,62.98,46.82,22.40
-829,-841,-402,2142,-231,3349,-11.07,-44.74,-15.75,21.42,-2.31,33.49,-10.63,-22.09,-46.11,112.48,58.08,21.53
-943,-883,-410,2147,-337,3386,-15.71,-45.66,-16.67,21.47,-3.37,33.86,-10.68,-22.29,-46.07,121.09,62.90,21.23
-1337,-1076,-450,2322,-651,3184,-22.30,-47.65,-17.75,23.22,-6.51,31.84,-10.75,-22.51,-46.03,168.76,88.69,23.47
-1405,-1140,-441,2365,-707,3115,-28.64,-49.84,-18.67,23.65,-7.07,31.15,-10.85,-22.74,-46.00,167.18,94.46,21.74
-1503,-1284,-314,2434,-825,3019,-34.94,-52.69,-18.72,24.34,-8.25,30.19,-10.98,-22.98,-45.96,170.27,111.18,10.92
-1393,-1342,-53,2617,-791,2737,-39.95,-55.61,-17.17,26.17,-7.91,27.37,-11.14,-23.22,-45.94,144.12,114.66,-9.55
-1337,-1351,21,2662,-765,2685,-44.11,-58.29,-15.32,26.62,-7.65,26.85,-11.31,-23.48,-45.92,127.82,111.13,-13.87
-1070,-1321,290,2797,-458,2479,-46.22,-60.52,-12.02,27.97,-4.58,24.79,-11.49,-23.75,-45.92,83.21,102.50,-33.17
-1003,-1299,337,2834,-363,2439,-47.72,-62.39,-8.76,28.34,-3.63,24.39,-11.69,-24.01,-45.94,70.29,95.78,-33.70
-785,-1163,409,2918,-6,2385,-47.74,-63.24,-5.39,29.18,-0.06,23.85,-11.89,-24.28,-45.97,37.15,73.60,-36.22
-739,-1117,400,3029,69,2366,-47.47,-63.73,-2.41,30.29,0.69,23.66,-12.09,-24.55,-46.02,30.77,65.83,-32.30
-594,-977,259,2986,291,2284,-46.35,-63.32,-0.59,29.86,2.91,22.84,-12.30,-24.82,-46.07,10.92,45.44,-18.42
-572,-946,204,3033,353,2315,-45.20,-62.76,0.71,30.33,3.53,23.15,-12.49,-25.08,-46.13,9.87,41.95,-12.38
-541,-881,-48,3031,317,2277,-43.98,-61.86,0.35,30.31,3.17,22.77,-12.69,-25.33,-46.19,7.58,33.92,8.59
-541,-840,-109,3016,303,2377,-42.88,-60.80,-0.35,30.16,3.03,23.77,-12.88,-25.59,-46.24,9.78,29.84,13.02
-577,-716,-268,3162,191,2291,-42.11,-59.08,-1.95,31.62,1.91,22.91,-13.06,-25.84,-46.29,16.85,14.34,24.81
-572,-705,-297,3205,123,2282,-41.39,-57.48,-3.57,32.05,1.23,22.82,-13.24,-26.08,-46.33,17.57,15.87,25.55
-559,-696,-338,3183,-94,2366,-40.66,-55.97,-5.27,31.83,-0.94,23.66,-13.41,-26.32,-46.36,17.08,17.50,27.23
-547,-682,-326,3149,-142,2393,-39.93,-54.54,-6.73,31.49,-1.42,23.93,-13.58,-26.55,-46.39,16.75,18.24,24.66
-501,-623,-248,3167,-294,2433,-39.00,-52.88,-7.57,31.67,-2.94,24.33,-13.74,-26.78,-46.41,11.61,12.52,17.17
-488,-624,-224,3205,-319,2406,-38.07,-51.40,-8.18,32.05,-3.19,24.06,-13.90,-27.01,-46.43,11.48,15.63,14.49
-422,-674,-144,3185,-405,2362,-36.84,-50.37,-8.24,31.85,-4.05,23.62,-14.06,-27.23,-46.44,3.86,25.35,7.65
-406,-682,-130,3126,-425,2358,-35.63,-49.50,-8.21,31.26,-4.25,23.58,-14.20,-27.45,-46.46,3.80,28.38,6.50
-322,-660,-98,3060,-444,2263,-34.03,-48.57,-7.99,30.60,-4.44,22.63,-14.35,-27.66,-46.48,-5.89,26.91,4.03
-295,-654,-96,3076,-449,2231,-32.43,-47.70,-7.77,30.76,-4.49,22.31,-14.49,-27.87,-46.50,-6.87,27.78,4.09
-171,-618,-77,3056,-379,2141,-30.23,-46.70,-7.47,30.56,-3.79,21.41,-14.61,-28.07,-46.52,-21.53,24.32,2.80
-136,-600,-68,3032,-390,2160,-28.04,-45.69,-7.14,30.32,-3.90,21.60,-14.73,-28.28,-46.54,-22.64,23.62,2.39
4,-455,-24,3089,-299,2224,-25.21,-43.90,-6.57,30.89,-2.99,22.24,-14.84,-28.47,-46.56,-38.56,5.03,-0.73
40,-442,-15,3126,-293,2182,-22.44,-42.21,-6.00,31.26,-2.93,21.82,-14.94,-28.65,-46.58,-38.75,6.38,-0.89
166,-395,-4,3082,-192,2392,-19.19,-40.39,-5.43,30.82,-1.92,23.92,-15.02,-28.83,-46.60,-51.74,2.76,-1.21
183,-387,-7,3102,-173,2358,-16.15,-38.72,-4.93,31.02,-1.73,23.58,-15.09,-29.00,-46.62,-48.54,4.83,-0.43
242,-408,-52,3110,-104,2410,-13.06,-37.33,-4.75,31.10,-1.04,24.10,-15.15,-29.17,-46.64,-51.64,10.76,3.57
235,-418,-76,3128,-96,2404,-10.32,-36.15,-4.74,31.28,-0.96,24.04,-15.20,-29.33,-46.66,-45.35,14.64,5.62
221,-457,-185,3136,-117,2349,-7.94,-35.32,-5.39,31.36,-1.17,23.49,-15.23,-29.49,-46.68,-38.69,22.26,14.16
211,-461,-213,3106,-147,2380,-5.86,-34.60,-6.15,31.06,-1.47,23.80,-15.26,-29.65,-46.69,-33.21,24.33,15.73
197,-443,-293,3222,-220,2277,-4.07,-33.84,-7.33,32.22,-2.20,22.77,-15.27,-29.80,-46.70,-27.67,23.13,21.27
207,-458,-304,3246,-252,2250,-2.40,-33.25,-8.45,32.46,-2.52,22.50,-15.28,-29.96,-46.70,-26.03,26.63,21.01
267,-449,-311,3227,-322,2377,-0.53,-32.67,-9.50,32.27,-3.22,23.77,-15.28,-30.11,-46.69,-31.64,26.47,20.49
291,-446,-303,3249,-337,2323,1.30,-32.12,-10.40,32.49,-3.37,23.23,-15.26,-30.26,-46.69,-31.85,27.15,18.86
420,-494,-273,3352,-330,2307,3.73,-31.92,-11.02,33.52,-3.30,23.07,-15.24,-30.41,-46.67,-46.93,34.95,15.66
450,-516,-266,3372,-319,2257,6.10,-31.88,-11.54,33.72,-3.19,22.57,-15.21,-30.56,-46.66,-47.03,38.49,14.51
558,-627,-269,3467,-306,2005,8.89,-32.51,-12.03,34.67,-3.06,20.05,-15.16,-30.72,-46.64,-58.24,54.31,14.25
586,-659,-289,3391,-336,1965,11.58,-33.28,-12.59,33.91,-3.36,19.65,-15.11,-30.88,-46.63,-57.46,57.84,15.35
623,-577,-390,3194,-386,2063,14.22,-33.47,-13.71,31.94,-3.86,20.63,-15.04,-31.04,-46.60,-58.15,45.08,22.72
620,-531,-415,3194,-430,2040,16.58,-33.37,-14.87,31.94,-4.30,20.40,-14.95,-31.20,-46.58,-53.28,38.37,23.60
578,-485,-500,3483,-570,1833,18.45,-32.99,-16.43,34.83,-5.70,18.33,-14.86,-31.36,-46.54,-43.39,32.18,29.15
569,-506,-511,3500,-599,1809,20.07,-32.78,-17.91,35.00,-5.99,18.09,-14.76,-31.52,-46.50,-39.01,35.89,28.52
541,-588,-524,3400,-726,1880,21.37,-33.09,-19.31,34.00,-7.26,18.80,-14.65,-31.69,-46.45,-32.36,47.92,28.12
543,-571,-516,3406,-739,1908,22.54,-33.26,-20.53,34.06,-7.39,19.08,-14.54,-31.85,-46.40,-30.52,45.11,26.15
564,-527,-459,3551,-706,1793,23.73,-33.15,-21.28,35.51,-7.06,17.93,-14.41,-32.02,-46.34,-31.55,38.72,20.53
585,-532,-438,3598,-740,1766,24.92,-33.08,-21.82,35.98,-7.40,17.66,-14.28,-32.18,-46.28,-32.58,39.72,18.17
667,-534,-378,3471,-844,1882,26.50,-33.03,-21.94,34.71,-8.44,18.82,-14.15,-32.35,-46.22,-42.19,40.23,12.95
739,-452,-322,3554,-787,1871,28.36,-32.48,-21.71,35.54,-7.87,18.71,-14.01,-32.51,-46.16,-49.74,28.87,8.44
773,-459,-299,3579,-817,1850,30.24,-32.03,-21.37,35.79,-8.17,18.50,-13.85,-32.67,-46.10,-51.47,30.89,6.86
817,-494,-239,3518,-848,1970,32.20,-31.84,-20.69,35.18,-8.48,19.70,-13.70,-32.83,-46.05,-54.57,36.69,2.49
820,-493,-217,3506,-822,1990,33.98,-31.67,-19.94,35.06,-8.22,19.90,-13.53,-32.99,-45.99,-51.76,36.98,1.41
761,-515,-134,3554,-763,2038,35.22,-31.64,-18.77,35.54,-7.63,20.38,-13.37,-33.15,-45.94,-40.52,40.48,-4.38
730,-540,-111,3580,-731,2026,36.15,-31.77,-17.57,35.80,-7.31,20.26,-13.20,-33.30,-45.89,-34.14,44.15,-5.07
658,-654,-84,3528,-668,1968,36.55,-32.58,-16.32,35.28,-6.68,19.68,-13.03,-33.46,-45.86,-22.51,60.11,-6.04
653,-666,-84,3503,-645,1992,36.88,-33.39,-15.20,35.03,-6.45,19.92,-12.87,-33.62,-45.82,-21.24,60.52,-4.86
671,-689,-108,3503,-626,1907,37.29,-34.25,-14.34,35.03,-6.26,19.07,-12.70,-33.78,-45.79,-23.32,62.50,-1.91
694,-690,-118,3536,-616,1882,37.79,-35.04,-13.63,35.36,-6.16,18.82,-12.54,-33.95,-45.77,-25.98,61.27,-0.31
808,-728,-158,3597,-617,1739,38.94,-35.97,-13.23,35.97,-6.17,17.39,-12.37,-34.12,-45.74,-41.30,65.40,3.50
851,-736,-169,3617,-595,1704,40.24,-36.87,-12.94,36.17,-5.95,17.04,-12.20,-34.29,-45.72,-45.51,65.05,4.74
969,-758,-167,3650,-551,1498,42.12,-37.80,-12.66,36.50,-5.51,14.98,-12.02,-34.46,-45.70,-60.05,66.74,4.85
996,-758,-165,3637,-557,1481,43.99,-38.65,-12.40,36.37,-5.57,14.81,-11.84,-34.64,-45.68,-60.76,65.26,4.96
1075,-690,-154,3473,-539,1488,46.15,-38.99,-12.10,34.73,-5.39,14.88,-11.64,-34.82,-45.66,-68.85,54.36,4.34
1094,-636,-148,3433,-517,1542,48.21,-38.97,-11.79,34.33,-5.17,15.42,-11.44,-35.00,-45.65,-67.98,46.28,4.16
1103,-563,-139,3496,-501,1400,50.11,-38.51,-11.46,34.96,-5.01,14.00,-11.23,-35.17,-45.63,-65.88,36.14,3.75
1096,-577,-141,3529,-498,1401,51.79,-38.18,-11.18,35.29,-4.98,14.01,-11.02,-35.35,-45.61,-61.78,39.01,4.22
994,-636,-155,3592,-447,1350,52.67,-38.24,-11.00,35.92,-4.47,13.50,-10.80,-35.52,-45.60,-44.70,48.01,5.58
957,-650,-156,3614,-428,1310,53.24,-38.38,-10.85,36.14,-4.28,13.10,-10.58,-35.70,-45.58,-38.12,49.99,5.82
824,-680,-173,3671,-483,1173,52.94,-38.69,-10.82,36.71,-4.83,11.73,-10.36,-35.87,-45.56,-18.55,54.10,7.30
794,-666,-191,3681,-492,1144,52.49,-38.88,-10.91,36.81,-4.92,11.44,-10.14,-36.05,-45.54,-14.97,51.71,8.73
722,-576,-275,3623,-397,968,51.65,-38.51,-11.49,36.23,-3.97,9.68,-9.92,-36.23,-45.52,-5.74,38.81,15.22
707,-547,-297,3575,-362,978,50.80,-37.99,-12.16,35.75,-3.62,9.78,-9.70,-36.40,-45.50,-5.21,35.48,16.38
623,-366,-375,3696,-125,1156,49.52,-36.43,-13.23,36.96,-1.25,11.56,-9.48,-36.57,-45.46,5.04,10.96,21.86
576,-281,-343,3749,-76,1087,48.08,-34.50,-14.00,37.49,-0.76,10.87,-9.27,-36.73,-45.42,9.34,1.75,18.33
509,-185,-236,3853,-327,934,46.38,-32.18,-14.04,38.53,-3.27,9.34,-9.06,-36.88,-45.38,16.19,-8.39,9.21
497,-170,-199,3896,-321,889,44.77,-30.00,-13.85,38.96,-3.21,8.89,-8.85,-37.03,-45.33,14.84,-6.45,6.28
518,-158,-74,3959,-399,681,43.45,-27.96,-12.91,39.59,-3.99,6.81,-8.65,-37.16,-45.29,9.02,-4.34,-3.33
517,-173,-45,3881,-430,641,42.26,-26.22,-11.90,38.81,-4.30,6.41,-8.46,-37.29,-45.25,6.79,1.33,-4.71
518,-92,17,3731,-302,974,41.19,-24.16,-10.60,37.31,-3.02,9.74,-8.28,-37.41,-45.22,4.49,-7.04,-8.60
493,-29,28,3731,-269,1012,40.08,-21.92,-9.37,37.31,-2.69,10.12,-8.10,-37.51,-45.19,6.08,-12.34,-8.23
404,190,-8,3757,-312,871,38.54,-18.57,-8.48,37.57,-3.12,8.71,-7.93,-37.61,-45.16,16.62,-39.32,-4.24
387,210,-28,3805,-293,801,37.05,-15.43,-7.81,38.05,-2.93,8.01,-7.77,-37.69,-45.13,16.27,-36.38,-1.83
355,237,-82,3945,-252,778,35.51,-12.44,-7.53,39.45,-2.52,7.78,-7.61,-37.76,-45.10,18.13,-34.79,3.04
361,220,-96,4027,-286,642,34.16,-9.86,-7.36,40.27,-2.86,6.42,-7.45,-37.82,-45.07,14.56,-27.26,4.40
464,28,-130,4108,-375,233,33.57,-8.70,-7.42,41.08,-3.75,2.33,-7.30,-37.87,-45.04,-2.35,4.25,7.21
504,-31,-135,4071,-409,176,33.29,-8.02,-7.50,40.71,-4.09,1.76,-7.15,-37.92,-45.01,-9.09,14.57,7.55
634,-204,-182,4047,-501,-5,33.83,-8.46,-7.86,40.47,-5.01,-0.05,-7.00,-37.98,-44.98,-28.00,40.15,11.15
655,-181,-199,3974,-525,49,34.44,-8.72,-8.29,39.74,-5.25,0.49,-6.84,-38.03,-44.95,-30.14,36.19,12.13
632,164,-271,3698,-681,102,34.85,-6.85,-9.11,36.98,-6.81,1.02,-6.68,-38.08,-44.91,-25.96,-12.85,17.35
579,281,-282,3762,-715,146,34.90,-4.45,-9.92,37.62,-7.15,1.46,-6.52,-38.12,-44.86,-17.90,-26.12,17.43
425,585,-323,3991,-981,-253,34.00,-0.43,-10.90,39.91,-9.81,-2.53,-6.35,-38.14,-44.81,3.78,-64.86,19.86
384,622,-336,4072,-1075,-266,32.94,3.40,-11.86,40.72,-10.75,-2.66,-6.19,-38.15,-44.75,7.92,-63.23,19.94
202,692,-327,4298,-1208,-430,30.88,7.28,-12.67,42.98,-12.08,-4.30,-6.03,-38.14,-44.69,31.66,-66.56,18.31
164,694,-266,4335,-1153,-530,28.79,10.79,-13.02,43.35,-11.53,-5.30,-5.88,-38.12,-44.62,33.40,-60.24,12.76
152,758,-16,4323,-1193,-664,26.84,14.33,-11.82,43.23,-11.93,-6.64,-5.74,-38.08,-44.56,31.44,-63.31,-7.15
171,811,49,4253,-1223,-658,25.20,17.85,-10.34,42.53,-12.23,-6.58,-5.60,-38.03,-44.50,25.35,-64.77,-11.09
512,1501,284,3712,-1268,-492,25.80,25.22,-7.57,37.12,-12.68,-4.92,-5.48,-37.95,-44.46,-25.59,-156.09,-28.08
487,1762,357,3444,-1208,-92,26.19,33.45,-4.64,34.44,-12.08,-0.92,-5.36,-37.83,-44.42,-21.12,-180.39,-31.16
-23,2618,544,3320,-878,1093,23.43,46.07,-0.85,33.20,-8.78,10.93,-5.26,-37.66,-44.40,51.36,-287.13,-43.00
-230,2765,582,3349,-804,1177,19.69,58.33,2.78,33.49,-8.04,11.77,-5.18,-37.44,-44.39,75.78,-286.47,-42.37
-366,3232,678,3871,-593,1233,15.49,72.21,6.64,38.71,-5.93,12.33,-5.12,-37.17,-44.40,88.52,-331.58,-46.42
-263,3403,726,3941,-488,1112,12.33,85.75,10.40,39.41,-4.88,11.12,-5.08,-36.84,-44.41,66.82,-332.23,-46.49
-36,2871,795,3817,-426,1068,10.88,94.69,14.21,38.17,-4.26,10.68,-5.06,-36.47,-44.44,29.44,-234.42,-48.30
216,2702,784,3683,-295,1884,11.11,101.70,17.57,36.83,-2.95,18.84,-5.04,-36.08,-44.49,-8.57,-195.62,-43.81
528,2488,716,2826,-182,2397,13.22,106.71,20.18,28.26,-1.82,23.97,-5.02,-35.66,-44.54,-52.17,-153.78,-35.28
639,2539,692,2689,-184,2805,15.80,111.52,22.39,26.89,-1.84,28.05,-4.99,-35.23,-44.60,-64.24,-152.72,-30.91
693,2523,676,2757,122,3009,18.44,115.76,24.27,27.57,1.22,30.09,-4.94,-34.77,-44.66,-67.49,-142.55,-27.55
720,2468,674,2817,135,2979,20.99,119.24,25.96,28.17,1.35,29.79,-4.89,-34.30,-44.73,-66.82,-127.89,-25.59
579,1821,558,3179,-14,2823,22.42,118.43,26.76,31.79,-0.14,28.23,-4.84,-33.84,-44.81,-42.63,-31.07,-14.90
546,1660,519,3252,-21,2742,23.51,116.71,27.25,32.52,-0.21,27.42,-4.79,-33.38,-44.89,-35.57,-10.07,-11.07
365,829,398,3359,-72,2111,23.39,110.09,26.96,33.59,-0.72,21.11,-4.74,-32.95,-44.97,-8.24,103.84,-1.13
350,669,394,3274,-127,1949,23.18,103.17,26.66,32.74,-1.27,19.49,-4.69,-32.54,-45.06,-6.37,114.85,-1.09
308,484,433,2691,-297,1733,22.74,95.80,26.64,26.91,-2.97,17.33,-4.65,-32.17,-45.15,-0.82,128.87,-4.41
263,593,497,2647,-145,1734,22.07,89.84,27.01,26.47,-1.45,17.34,-4.61,-31.82,-45.24,4.75,100.72,-9.44
184,1404,725,2653,31,2028,20.99,89.42,28.73,26.53,0.31,20.28,-4.58,-31.47,-45.34,14.72,-23.98,-26.92
38,1548,777,2597,-14,1897,19.12,89.92,30.60,25.97,-0.14,18.97,-4.56,-31.12,-45.45,33.43,-45.22,-29.34
-528,2012,881,2589,176,2020,13.99,93.20,32.91,25.89,1.76,20.20,-4.56,-30.75,-45.57,110.02,-110.01,-35.69
-493,2259,900,2634,282,1892,9.58,97.66,35.11,26.34,2.82,18.92,-4.58,-30.37,-45.69,96.35,-139.49,-34.96
-562,2762,990,2347,417,2019,5.20,104.74,37.64,23.47,4.17,20.19,-4.61,-29.95,-45.82,98.59,-203.05,-39.90
-589,2880,1009,2211,373,2165,1.08,111.84,40.03,22.11,3.73,21.65,-4.67,-29.51,-45.96,94.96,-207.91,-38.96
-764,3295,1028,2014,296,2560,-3.69,120.75,42.30,20.14,2.96,25.60,-4.74,-29.03,-46.10,112.66,-254.63,-38.16
-819,3296,1016,2026,281,2523,-8.31,128.78,44.26,20.26,2.81,25.23,-4.84,-28.51,-46.24,112.35,-239.91,-35.05
-1009,3080,948,2148,425,3013,-13.64,134.69,45.62,21.48,4.25,30.13,-4.95,-27.97,-46.39,131.31,-196.13,-27.83
-1122,2865,894,2152,432,3001,-19.12,138.70,46.51,21.52,4.32,30.01,-5.08,-27.41,-46.54,138.25,-156.12,-22.30
-1153,2427,780,2108,484,2944,-24.24,139.63,46.62,21.08,4.84,29.44,-5.23,-26.85,-46.68,133.38,-87.93,-12.52
-1131,2334,756,2007,448,2898,-28.71,139.91,46.57,20.07,4.48,28.98,-5.39,-26.28,-46.82,121.65,-73.60,-10.53
-708,2493,639,1200,26,3132,-30.16,141.13,45.81,12.00,0.26,31.32,-5.56,-25.69,-46.96,54.52,-95.93,-1.40
-588,2615,611,1104,-12,3245,-30.73,142.96,44.96,11.04,-0.12,32.45,-5.73,-25.09,-47.09,35.25,-111.45,0.08
-835,2802,584,1095,-38,3717,-32.75,145.76,44.02,10.95,-0.38,37.17,-5.91,-24.48,-47.21,69.20,-135.08,1.39
-1038,2766,583,1136,-90,3764,-35.81,148.06,43.18,11.36,-0.90,37.64,-6.09,-23.86,-47.33,94.49,-125.65,0.59
-1006,2869,623,1206,-165,3035,-38.36,150.75,42.66,12.06,-1.65,30.35,-6.28,-23.23,-47.44,84.90,-136.67,-3.34
-886,2815,656,1254,-134,2980,-39.93,152.85,42.39,12.54,-1.34,29.80,-6.46,-22.60,-47.54,63.75,-124.88,-6.41
-652,2589,800,1414,20,3038,-39.92,153.36,43.04,14.14,0.20,30.38,-6.64,-21.98,-47.64,28.21,-89.86,-17.92
-517,2493,851,1196,-44,2809,-39.08,153.23,43.92,11.96,-0.44,28.09,-6.82,-21.35,-47.75,9.33,-75.88,-21.29
119,2919,774,165,-335,3287,-34.44,155.71,44.25,1.65,-3.35,32.87,-6.99,-20.70,-47.85,-78.77,-136.57,-14.41
228,3104,728,55,-381,3527,-29.61,159.07,44.27,0.55,-3.81,35.27,-7.15,-20.03,-47.96,-86.13,-158.86,-10.49
-535,3352,744,-187,-508,4385,-29.91,163.61,44.38,-1.87,-5.08,43.85,-7.30,-19.34,-48.06,29.75,-188.53,-11.72
-775,3343,776,-120,-392,4363,-31.65,167.64,44.67,-1.20,-3.92,43.63,-7.46,-18.63,-48.15,63.17,-179.99,-14.10
-630,3431,978,24,-193,3608,-32.33,171.81,46.17,0.24,-1.93,36.08,-7.61,-17.91,-48.25,39.87,-186.00,-29.62
-481,3353,1046,183,-116,3608,-32.03,175.08,47.94,1.83,-1.16,36.08,-7.76,-17.17,-48.35,17.82,-168.39,-33.51
-499,2730,1223,82,43,3792,-31.87,174.23,50.60,0.82,0.43,37.92,-7.92,-16.44,-48.46,20.96,-75.49,-45.67
-437,2616,1237,13,62,3575,-31.35,172.76,53.09,0.13,0.62,35.75,-8.07,-15.71,-48.57,12.59,-61.36,-44.22
-291,2254,1160,-558,149,3686,-29.99,169.23,54.86,-5.58,1.49,36.86,-8.21,-14.99,-48.70,-7.00,-13.31,-35.81
-132,2355,1060,-864,-32,3570,-27.79,166.68,55.84,-8.64,-0.32,35.70,-8.35,-14.29,-48.82,-27.00,-34.02,-26.29
113,2823,1169,-1025,-303,4003,-24.33,167.23,57.38,-10.25,-3.03,40.03,-8.48,-13.57,-48.96,-57.71,-104.82,-33.87
39,2882,1218,-1275,-164,4130,-21.66,168.09,59.07,-12.75,-1.64,41.30,-8.59,-12.85,-49.09,-41.29,-112.66,-36.22
-814,2700,1333,-1055,147,4217,-24.46,167.75,61.30,-10.55,1.47,42.17,-8.71,-12.14,-49.24,83.57,-86.02,-43.59
-1025,2609,1378,-1009,222,4059,-28.26,166.89,63.57,-10.09,2.22,40.59,-8.85,-11.42,-49.39,108.63,-74.25,-44.98
-480,2550,1478,-990,236,3250,-28.36,165.75,66.23,-9.90,2.36,32.50,-8.99,-10.71,-49.55,25.41,-67.87,-50.63
-379,2309,1378,-1453,37,3351,-27.84,163.26,68.02,-14.53,0.37,33.51,-9.12,-10.01,-49.72,11.09,-36.30,-40.25
-266,2380,1339,-1654,-122,3253,-26.68,161.46,69.38,-16.54,-1.22,32.53,-9.26,-9.31,-49.89,-3.85,-51.01,-35.49
41,2907,1136,-2210,-419,3829,-23.76,163.04,69.37,-22.10,-4.19,38.29,-9.38,-8.60,-50.06,-45.07,-128.84,-18.28
-710,3236,1050,-2467,-299,4546,-25.72,166.48,68.84,-24.67,-2.99,45.46,-9.50,-7.88,-50.22,65.84,-172.98,-11.54
-1144,3219,1039,-2417,-264,4772,-30.12,169.47,68.29,-24.17,-2.64,47.72,-9.64,-7.15,-50.38,123.77,-165.21,-11.18
-1082,3184,997,-2296,-242,4125,-33.71,171.94,67.55,-22.96,-2.42,41.25,-9.79,-6.41,-50.53,107.62,-155.67,-8.40
-971,3007,978,-2191,-252,4140,-36.26,173.09,66.76,-21.91,-2.52,41.40,-9.95,-5.66,-50.68,85.96,-127.00,-7.61
-831,2241,794,-2203,-354,4307,-37.71,169.45,64.93,-22.03,-3.54,43.07,-10.11,-4.93,-50.81,61.98,-17.56,6.05
-656,1634,555,-2381,-538,4098,-37.94,162.47,61.82,-23.81,-5.38,40.98,-10.27,-4.23,-50.94,34.97,61.33,23.02
-610,1505,486,-2426,-623,4018,-37.86,155.41,58.60,-24.26,-6.23,40.18,-10.43,-3.56,-51.06,28.19,67.18,25.47
-400,1482,386,-2588,-839,3722,-36.52,148.91,55.10,-25.88,-8.39,37.22,-10.58,-2.91,-51.17,-1.18,57.95,30.24
-376,1504,390,-2586,-862,3665,-35.16,143.19,51.97,-25.86,-8.62,36.65,-10.73,-2.29,-51.27,-2.17,43.36,26.60
-464,1549,453,-2517,-893,3488,-34.47,138.32,49.53,-25.17,-8.93,34.88,-10.87,-1.69,-51.36,12.64,26.87,18.69
-502,1546,461,-2518,-906,3447,-34.09,133.92,47.39,-25.18,-9.06,34.47,-11.01,-1.11,-51.44,19.26,18.61,15.75
-447,1561,388,-2567,-861,3259,-33.41,130.05,45.02,-25.67,-8.61,32.59,-11.14,-0.55,-51.52,12.25,8.62,19.43
-406,1551,350,-2564,-860,3203,-32.54,126.51,42.65,-25.64,-8.60,32.03,-11.28,-0.00,-51.59,7.72,3.08,20.15
-218,1492,169,-2603,-896,3043,-30.62,122.96,39.42,-26.03,-8.96,30.43,-11.40,0.53,-51.65,-17.22,5.00,32.07
-166,1477,118,-2619,-918,2986,-28.57,119.67,36.20,-26.19,-9.18,29.86,-11.52,1.04,-51.69,-21.19,0.72,32.98
-21,1428,-30,-2636,-974,2857,-25.84,116.41,32.39,-26.36,-9.74,28.57,-11.62,1.54,-51.73,-38.07,1.70,41.50
19,1433,-52,-2667,-996,2826,-23.14,113.51,28.84,-26.67,-9.96,28.26,-11.72,2.03,-51.75,-38.99,-4.88,39.60
204,1567,-81,-2856,-1156,2913,-19.58,111.72,25.46,-28.56,-11.56,29.13,-11.80,2.51,-51.76,-60.41,-29.02,38.48
205,1586,-82,-2970,-1140,2950,-16.37,110.22,22.41,-29.70,-11.40,29.50,-11.87,2.97,-51.75,-54.44,-35.06,35.34
52,1571,-56,-2968,-1125,3162,-14.42,108.78,19.83,-29.68,-11.25,31.62,-11.93,3.43,-51.74,-27.37,-35.81,30.40
-58,1498,-21,-2927,-1131,3174,-13.33,107.04,17.72,-29.27,-11.31,31.74,-11.99,3.89,-51.72,-8.49,-28.27,25.20
92,1389,78,-3044,-1062,2856,-11.44,104.81,16.42,-30.44,-10.62,28.56,-12.04,4.33,-51.70,-27.75,-16.16,15.43
157,1323,109,-2942,-1033,2810,-9.33,102.40,15.45,-29.42,-10.33,28.10,-12.08,4.76,-51.67,-33.65,-10.95,11.77
195,1105,184,-2851,-1015,2870,-7.21,98.90,15.02,-28.51,-10.15,28.70,-12.11,5.18,-51.65,-35.40,15.39,4.97
186,1050,199,-3012,-929,2685,-5.36,95.42,14.73,-30.12,-9.29,26.85,-12.14,5.58,-51.63,-30.50,16.91,3.39
88,906,241,-3007,-884,2735,-4.28,91.40,14.73,-30.07,-8.84,27.35,-12.16,5.97,-51.61,-13.51,31.01,-0.17
56,894,244,-3029,-851,2685,-3.51,87.71,14.75,-30.29,-8.51,26.85,-12.18,6.34,-51.59,-7.16,25.61,-0.41
-24,868,216,-3043,-858,2658,-3.31,84.24,14.59,-30.43,-8.58,26.58,-12.19,6.70,-51.58,5.44,22.75,1.79
-42,873,201,-3034,-863,2639,-3.23,81.14,14.36,-30.34,-8.63,26.39,-12.21,7.05,-51.56,8.34,15.89,2.81
-75,903,152,-2972,-896,2579,-3.37,78.53,13.85,-29.72,-8.96,25.79,-12.23,7.39,-51.55,13.13,6.16,6.43
-75,912,144,-2801,-917,2579,-3.49,76.24,13.34,-28.01,-9.17,25.79,-12.25,7.71,-51.54,12.91,0.23,6.57
-46,919,148,-2947,-893,2467,-3.42,74.23,12.91,-29.47,-8.93,24.67,-12.26,8.03,-51.52,8.63,-4.87,5.77
-44,912,161,-2929,-881,2469,-3.35,72.37,12.60,-29.29,-8.81,24.69,-12.28,8.34,-51.51,8.48,-7.53,4.34
26,930,229,-3083,-806,2519,-2.85,70.80,12.74,-30.83,-8.06,25.19,-12.30,8.65,-51.50,-1.25,-13.43,-1.28
63,952,251,-3150,-800,2553,-2.18,69.53,13.00,-31.50,-8.00,25.53,-12.31,8.95,-51.49,-5.62,-19.40,-2.87
173,1039,257,-3406,-774,2760,-0.91,68.91,13.26,-34.06,-7.74,27.60,-12.31,9.25,-51.48,-19.98,-34.03,-3.10
156,1031,236,-3480,-763,2817,0.13,68.31,13.38,-34.80,-7.63,28.17,-12.31,9.55,-51.48,-15.41,-34.14,-1.20
28,932,100,-3415,-829,2912,0.29,67.17,12.65,-34.15,-8.29,29.12,-12.32,9.84,-51.47,4.41,-21.41,9.55
-84,821,56,-3696,-745,2818,-0.25,65.46,11.73,-36.96,-7.45,28.18,-12.32,10.12,-51.46,20.46,-7.91,12.30
112,598,-36,-3502,-707,2548,0.46,62.56,10.33,-35.02,-7.07,25.48,-12.32,10.39,-51.45,-8.08,20.43,18.62
133,497,-55,-3457,-739,2589,1.22,59.34,8.96,-34.57,-7.39,25.89,-12.32,10.65,-51.43,-9.84,29.56,18.78
90,95,-92,-3472,-814,2390,1.65,53.98,7.51,-34.72,-8.14,23.90,-12.32,10.89,-51.41,-2.47,80.57,20.37
65,20,-88,-3537,-857,2367,1.88,48.71,6.22,-35.37,-8.57,23.67,-12.32,11.10,-51.40,1.78,81.87,18.67
-35,-81,-61,-3645,-931,2285,1.48,43.34,5.23,-36.45,-9.31,22.85,-12.32,11.29,-51.38,16.27,86.99,15.33
-72,-79,-42,-3662,-946,2243,0.89,38.52,4.45,-36.62,-9.46,22.43,-12.32,11.46,-51.36,20.80,77.45,12.89
-215,-62,64,-3681,-874,2121,-0.51,34.29,4.39,-36.81,-8.74,21.21,-12.32,11.62,-51.35,39.96,66.74,3.85
-251,-50,96,-3693,-847,2113,-1.99,30.56,4.54,-36.93,-8.47,21.13,-12.34,11.76,-51.34,42.65,57.74,1.29
-393,-2,170,-3722,-814,2140,-4.19,27.49,5.12,-37.22,-8.14,21.40,-12.36,11.89,-51.34,60.16,44.53,-4.36
-423,16,167,-3706,-821,2146,-6.35,24.84,5.63,-37.06,-8.21,21.46,-12.38,12.01,-51.34,60.66,36.68,-3.57
-514,25,78,-3647,-818,2108,-8.85,22.51,5.54,-36.47,-8.18,21.08,-12.42,12.12,-51.34,69.82,30.82,3.88
-523,10,41,-3628,-831,2073,-11.15,20.32,5.24,-36.28,-8.31,20.73,-12.47,12.22,-51.34,66.86,28.89,6.69
-537,-141,-104,-3529,-850,1896,-13.31,17.43,4.08,-35.29,-8.50,18.96,-12.52,12.31,-51.34,64.94,46.38,17.75
-537,-177,-121,-3545,-860,1891,-15.26,14.60,2.93,-35.45,-8.60,18.91,-12.59,12.39,-51.34,61.30,46.48,17.98
-487,-217,-137,-3555,-865,1821,-16.70,11.82,1.80,-35.55,-8.65,18.21,-12.66,12.45,-51.34,50.98,47.26,18.14
-439,-187,-138,-3633,-881,1848,-17.71,9.50,0.78,-36.33,-8.81,18.48,-12.73,12.51,-51.33,41.80,38.25,17.14
-223,13,-202,-3881,-1001,2163,-17.30,8.63,-0.53,-38.81,-10.01,21.63,-12.80,12.56,-51.32,9.69,6.07,21.17
-232,24,-242,-3885,-962,2261,-16.99,7.91,-1.95,-38.85,-9.62,22.61,-12.88,12.61,-51.30,11.71,3.00,23.05
-606,-299,-387,-3805,-856,2435,-18.98,5.30,-4.12,-38.05,-8.56,24.35,-12.96,12.64,-51.28,65.01,47.28,33.04
-732,-474,-434,-3781,-895,2414,-21.55,1.87,-6.35,-37.81,-8.95,24.14,-13.05,12.66,-51.25,79.43,67.48,34.66
-253,-960,-596,-3748,-840,1744,-20.94,-4.17,-9.35,-37.48,-8.40,17.44,-13.15,12.65,-51.22,7.60,130.15,45.20
-112,-1139,-623,-3647,-802,1928,-19.53,-10.70,-12.22,-36.47,-8.02,19.28,-13.24,12.62,-51.18,-11.17,145.10,44.45
168,-1766,-782,-3854,-1018,1890,-16.55,-20.40,-15.77,-38.54,-10.18,18.90,-13.32,12.54,-51.14,-48.18,222.40,54.16
284,-1876,-821,-4017,-1100,1921,-13.16,-29.81,-19.20,-40.17,-11.00,19.21,-13.38,12.43,-51.09,-59.41,221.44,53.83
670,-1920,-950,-4436,-1345,2145,-7.76,-38.54,-23.07,-44.36,-13.45,21.45,-13.43,12.27,-51.03,-108.01,211.71,60.65
706,-1921,-970,-4474,-1390,2257,-2.68,-46.40,-26.68,-44.74,-13.90,22.57,-13.46,12.08,-50.97,-103.85,197.09,58.51
297,-2304,-876,-4265,-1267,2369,-0.60,-55.82,-29.36,-42.65,-12.67,23.69,-13.48,11.86,-50.90,-37.53,237.82,47.71
419,-2652,-597,-4058,-1288,1305,2.02,-66.41,-30.06,-40.58,-12.88,13.05,-13.48,11.59,-50.85,-51.18,271.00,23.32
453,-2792,-530,-3891,-1338,1352,4.58,-76.80,-30.29,-38.91,-13.38,13.52,-13.48,11.28,-50.80,-51.51,272.87,17.40
345,-3213,-371,-3747,-1420,1107,6.23,-88.72,-29.52,-37.47,-14.20,11.07,-13.47,10.92,-50.76,-31.93,314.74,4.74
331,-3264,-337,-3768,-1456,1011,7.62,-99.76,-28.63,-37.68,-14.56,10.11,-13.45,10.53,-50.74,-27.17,301.87,2.80
518,-2556,-204,-3472,-1207,2324,10.02,-105.37,-27.01,-34.72,-12.07,23.24,-13.41,10.11,-50.74,-51.17,183.54,-6.75
181,-2102,-87,-3386,-936,2161,10.12,-107.66,-24.84,-33.86,-9.36,21.61,-13.37,9.68,-50.74,0.39,110.26,-14.36
-249,-1123,349,-3191,-611,1757,7.59,-103.74,-20.23,-31.91,-6.11,17.57,-13.34,9.28,-50.76,61.15,-31.36,-46.42
-210,-995,511,-2878,-693,1709,5.55,-99.44,-15.09,-28.78,-6.93,17.09,-13.31,8.90,-50.79,51.33,-42.47,-54.70
-5,-738,894,-2615,-421,2144,4.97,-94.00,-8.12,-26.15,-4.21,21.44,-13.29,8.54,-50.85,18.94,-71.12,-79.77
91,-670,987,-2655,-497,2228,5.02,-88.68,-1.29,-26.55,-4.97,22.28,-13.25,8.21,-50.92,4.39,-71.21,-80.41
367,-353,1250,-2901,-903,2987,6.76,-81.97,6.46,-29.01,-9.03,29.87,-13.21,7.92,-51.02,-34.44,-106.64,-94.47
454,-198,1286,-2890,-1096,3055,8.85,-74.98,13.66,-28.90,-10.96,30.55,-13.16,7.66,-51.15,-43.78,-116.87,-89.88
392,-305,1265,-2836,-912,2882,10.36,-69.34,20.01,-28.36,-9.12,28.82,-13.11,7.42,-51.29,-31.51,-89.72,-81.37
884,-365,1227,-2729,-437,3094,14.72,-64.63,25.49,-27.29,-4.37,30.94,-13.03,7.21,-51.45,-98.34,-71.52,-72.33
984,-453,1213,-2692,-331,3256,19.25,-60.93,30.34,-26.92,-3.31,32.56,-12.92,7.02,-51.62,-105.08,-50.96,-65.99
1048,-934,1023,-2528,-163,3504,23.71,-60.54,33.55,-25.28,-1.63,35.04,-12.80,6.83,-51.81,-106.46,23.27,-46.48
1051,-1137,922,-2450,-66,3502,27.75,-61.42,35.82,-24.50,-0.66,35.02,-12.66,6.64,-52.00,-99.35,52.68,-35.50
1001,-1589,521,-2500,-3,3565,31.09,-64.97,35.42,-25.00,-0.03,35.65,-12.51,6.43,-52.20,-85.52,115.02,-1.94
977,-1660,395,-2449,-3,3508,33.94,-68.60,34.28,-24.49,-0.03,35.08,-12.34,6.21,-52.40,-76.57,119.12,7.55
913,-1866,-42,-2191,66,3099,36.11,-73.12,30.60,-21.91,0.66,30.99,-12.17,5.97,-52.58,-62.80,142.13,40.69
917,-1892,-139,-2164,38,3085,38.09,-77.35,26.69,-21.64,0.38,30.85,-12.00,5.71,-52.75,-59.77,138.26,44.79
1155,-1741,-449,-2143,-222,2912,41.33,-80.24,21.28,-21.43,-2.22,29.12,-11.81,5.43,-52.90,-90.06,109.95,65.34
1274,-1638,-525,-2145,-303,2948,44.97,-82.20,15.95,-21.45,-3.03,29.48,-11.62,5.14,-53.03,-101.45,90.71,66.14
1129,-1489,-598,-1842,-454,3311,47.36,-83.07,10.71,-18.42,-4.54,33.11,-11.42,4.84,-53.14,-74.94,66.55,66.79
1060,-1438,-580,-1824,-514,3278,49.09,-83.53,6.10,-18.24,-5.14,32.78,-11.21,4.53,-53.23,-61.28,58.09,60.39
1194,-1258,-427,-1480,-474,3294,51.46,-82.85,2.89,-14.80,-4.74,32.94,-11.00,4.23,-53.31,-77.35,32.13,44.03
1263,-1253,-397,-1359,-429,3346,54.02,-82.21,0.18,-13.59,-4.29,33.46,-10.77,3.92,-53.37,-83.18,32.79,38.62
1678,-1347,-426,-1253,-262,3352,58.86,-82.21,-2.44,-12.53,-2.62,33.52,-10.53,3.62,-53.42,-137.47,47.33,38.32
1868,-1345,-470,-1225,-262,3369,64.36,-82.19,-5.06,-12.25,-2.62,33.69,-10.26,3.31,-53.46,-156.19,47.26,39.27
2330,-1399,-723,-1138,-286,3642,72.14,-82.51,-8.97,-11.38,-2.86,36.42,-9.97,2.99,-53.48,-212.11,55.11,56.57
2422,-1381,-774,-1177,-308,3552,79.70,-82.68,-12.79,-11.77,-3.08,35.52,-9.64,2.68,-53.49,-212.04,52.24,56.84
2543,-1353,-899,-889,-332,3582,87.24,-82.66,-17.00,-8.89,-3.32,35.82,-9.29,2.36,-53.48,-216.44,48.21,62.98
2509,-1349,-791,-692,-61,3411,93.82,-82.63,-20.12,-6.92,-0.61,34.11,-8.90,2.03,-53.45,-199.05,47.89,50.52
2536,-1316,-745,-648,-7,3426,99.91,-82.39,-22.65,-6.48,-0.07,34.26,-8.49,1.70,-53.41,-191.91,43.52,43.94
2843,-1123,-635,-488,339,3315,107.26,-81.00,-24.26,-4.88,3.39,33.15,-8.04,1.38,-53.36,-225.09,16.93,32.91
2801,-1050,-653,-601,438,3340,113.62,-79.31,-25.82,-6.01,4.38,33.40,-7.58,1.06,-53.30,-206.95,9.22,32.78
2790,-785,-837,-606,539,3335,119.28,-76.17,-28.34,-6.06,5.39,33.35,-7.08,0.75,-53.23,-194.89,-25.04,45.69
2784,-706,-893,-621,575,3365,124.33,-72.86,-30.96,-6.21,5.75,33.65,-6.57,0.46,-53.14,-184.74,-30.62,47.66
2738,-414,-1078,-641,595,3530,128.60,-68.10,-34.44,-6.41,5.95,35.30,-6.04,0.18,-53.04,-169.99,-65.96,59.64
2692,-371,-1110,-614,597,3634,132.16,-63.55,-37.76,-6.14,5.97,36.34,-5.50,-0.08,-52.91,-156.58,-63.73,58.82
2555,-261,-1136,-597,629,3786,134.53,-58.79,-40.92,-5.97,6.29,37.86,-4.94,-0.32,-52.77,-131.57,-71.33,57.67
2553,-237,-1120,-599,639,3865,136.65,-54.35,-43.66,-5.99,6.39,38.65,-4.38,-0.54,-52.61,-127.62,-66.45,53.40
2595,-243,-1004,-593,697,4002,138.82,-50.40,-45.42,-5.93,6.97,40.02,-3.81,-0.74,-52.45,-130.31,-57.91,41.69
2709,-359,-760,-623,825,3876,141.46,-47.55,-45.51,-6.23,8.25,38.76,-3.22,-0.94,-52.28,-143.07,-34.69,20.90
2772,-404,-682,-600,852,3825,144.22,-45.26,-45.12,-6.00,8.52,38.25,-2.63,-1.12,-52.11,-147.84,-23.37,14.69
2710,-610,-297,-562,1072,3650,146.33,-44.45,-42.42,-5.62,10.72,36.50,-2.02,-1.29,-51.94,-134.79,9.68,-15.08
2643,-653,-176,-523,1269,3550,147.82,-43.99,-39.25,-5.23,12.69,35.50,-1.41,-1.47,-51.79,-122.15,17.23,-21.99
2397,-719,187,-621,1856,3224,147.66,-43.98,-34.19,-6.21,18.56,32.24,-0.80,-1.64,-51.66,-85.35,27.43,-47.39
2399,-667,244,-583,1705,3199,147.53,-43.65,-29.28,-5.83,17.05,31.99,-0.19,-1.81,-51.54,-86.30,20.24,-47.04
2649,-349,285,-741,2005,2982,148.93,-41.41,-24.61,-7.41,20.05,29.82,0.43,-1.97,-51.44,-122.17,-23.92,-45.58
2680,-274,209,-737,2129,3075,150.39,-38.94,-20.88,-7.37,21.29,30.75,1.05,-2.11,-51.36,-124.55,-30.58,-35.19
2216,-185,-35,-663,2156,3142,148.87,-36.18,-19.00,-6.63,21.56,31.42,1.66,-2.25,-51.28,-57.08,-38.82,-12.54
2105,-174,-68,-616,2164,3226,146.82,-33.62,-17.52,-6.16,21.64,32.26,2.27,-2.38,-51.20,-44.43,-35.58,-8.18
1653,-229,30,-418,1982,2970,142.22,-31.66,-15.58,-4.18,19.82,29.70,2.86,-2.49,-51.13,15.40,-23.39,-14.44
1776,-100,107,-486,1954,2671,138.83,-29.10,-13.37,-4.86,19.54,26.71,3.44,-2.60,-51.07,-10.16,-38.15,-18.63
1544,-209,558,-539,2119,2798,134.37,-27.47,-8.63,-5.39,21.19,27.98,3.99,-2.70,-51.03,16.40,-18.36,-51.82
1401,-242,655,-605,2215,2950,129.48,-26.20,-3.77,-6.05,22.15,29.50,4.53,-2.80,-51.00,28.59,-10.86,-54.90
882,-236,907,-750,2539,2870,121.91,-25.02,2.14,-7.50,25.39,28.70,5.03,-2.89,-51.00,93.07,-9.48,-69.99
748,-264,933,-732,2629,2922,114.28,-24.12,7.62,-7.32,26.29,29.22,5.51,-2.99,-51.02,98.75,-3.46,-66.39
401,-381,919,-768,2870,2760,105.30,-24.04,12.46,-7.68,28.70,27.60,5.94,-3.08,-51.06,134.36,14.61,-60.07
327,-418,892,-769,2908,2805,96.76,-24.18,16.66,-7.69,29.08,28.05,6.34,-3.18,-51.12,129.22,20.04,-53.34
162,-486,739,-780,2994,2640,88.08,-24.73,19.50,-7.80,29.94,26.40,6.71,-3.28,-51.18,137.68,29.44,-37.36
141,-501,699,-764,3025,2627,80.13,-25.31,21.81,-7.64,30.25,26.27,7.04,-3.38,-51.26,125.61,30.70,-31.51
220,-454,577,-764,3109,2466,73.46,-25.55,23.15,-7.64,31.09,24.66,7.35,-3.49,-51.34,100.73,23.15,-19.75
268,-430,544,-759,3121,2454,67.75,-25.62,24.15,-7.59,31.21,24.54,7.63,-3.60,-51.42,82.41,19.43,-15.89
448,-332,365,-768,3149,2466,63.71,-25.08,23.96,-7.68,31.49,24.66,7.90,-3.71,-51.50,47.12,5.57,-0.91
382,-378,311,-762,3128,2612,59.66,-24.88,23.47,-7.62,31.28,26.12,8.15,-3.81,-51.58,49.37,13.04,3.14
277,-378,109,-722,2906,2542,55.39,-24.70,21.78,-7.22,29.06,25.42,8.38,-3.92,-51.65,57.13,13.45,18.48
324,-362,78,-717,2842,2563,51.83,-24.44,20.08,-7.17,28.42,25.63,8.60,-4.02,-51.71,43.07,11.58,19.31
533,-359,95,-604,2706,2470,49.89,-24.18,18.65,-6.04,27.06,24.70,8.82,-4.12,-51.77,7.40,11.67,16.36
543,-377,130,-587,2667,2510,48.22,-24.06,17.58,-5.87,26.67,25.10,9.02,-4.22,-51.82,2.56,14.70,12.27
541,-468,269,-639,2595,2409,46.70,-24.51,17.46,-6.39,25.95,24.09,9.22,-4.32,-51.88,-0.15,27.80,0.37
566,-466,297,-683,2608,2447,45.48,-24.90,17.53,-6.83,26.08,24.47,9.42,-4.42,-51.93,-6.39,26.82,-1.93
559,-498,342,-727,2688,2422,44.34,-25.45,17.86,-7.27,26.88,24.22,9.61,-4.53,-51.98,-7.61,30.73,-5.38
536,-521,339,-718,2703,2420,43.18,-26.08,18.14,-7.18,27.03,24.20,9.79,-4.64,-52.03,-6.43,33.11,-4.83
667,-612,314,-647,2814,2019,42.93,-27.21,18.24,-6.47,28.14,20.19,9.98,-4.75,-52.08,-27.00,44.93,-2.60
760,-630,303,-615,2876,2019,43.27,-28.33,18.27,-6.15,28.76,20.19,10.16,-4.87,-52.14,-40.65,45.63,-1.63
909,-620,248,-672,2959,2062,44.49,-29.28,17.95,-6.72,29.59,20.62,10.35,-4.99,-52.18,-61.20,42.39,2.70
906,-611,231,-685,2981,1997,45.57,-30.08,17.57,-6.85,29.81,19.97,10.55,-5.12,-52.23,-58.83,39.58,3.73
768,-622,185,-618,3039,1908,45.69,-30.87,16.94,-6.18,30.39,19.08,10.75,-5.24,-52.27,-37.67,39.86,6.97
726,-625,174,-606,3018,1854,45.55,-31.59,16.31,-6.06,30.18,18.54,10.94,-5.37,-52.31,-31.66,39.03,7.23
723,-540,143,-595,2932,1755,45.41,-31.73,15.55,-5.95,29.32,17.55,11.14,-5.51,-52.35,-31.60,25.89,9.06
728,-516,145,-583,2892,1744,45.31,-31.70,14.88,-5.83,28.92,17.44,11.33,-5.64,-52.38,-32.69,22.37,8.18
650,-475,214,-569,2771,1773,44.74,-31.43,14.70,-5.69,27.71,17.73,11.53,-5.77,-52.41,-21.99,16.72,2.15
607,-474,252,-575,2763,1772,43.97,-31.18,14.76,-5.75,27.63,17.72,11.72,-5.89,-52.44,-17.02,17.13,-1.00
455,-461,473,-627,2850,1763,42.35,-30.87,16.17,-6.27,28.50,17.63,11.90,-6.02,-52.48,2.97,15.81,-18.23
426,-466,524,-628,2897,1731,40.71,-30.63,17.75,-6.28,28.97,17.31,12.07,-6.15,-52.52,4.18,17.12,-20.87
378,-488,660,-690,3088,1655,38.95,-30.54,20.00,-6.90,30.88,16.55,12.24,-6.28,-52.57,8.04,20.72,-30.00
418,-469,675,-745,3132,1594,37.60,-30.35,22.12,-7.45,31.32,15.94,12.40,-6.41,-52.63,-0.71,18.28,-29.03
330,-476,670,-774,3304,1712,35.86,-30.22,23.99,-7.74,33.04,17.12,12.55,-6.54,-52.70,9.30,19.68,-26.61
260,-492,657,-771,3346,1722,33.86,-30.20,25.60,-7.71,33.46,17.22,12.70,-6.68,-52.77,16.09,22.25,-23.80
-74,-580,624,-755,3432,1675,30.02,-30.71,26.85,-7.55,34.32,16.75,12.83,-6.82,-52.84,59.68,34.78,-19.68
-185,-611,615,-755,3436,1696,25.89,-31.37,27.92,-7.55,34.36,16.96,12.94,-6.96,-52.92,68.71,38.35,-17.78
-676,-731,628,-762,3399,1637,19.18,-32.69,28.95,-7.62,33.99,16.37,13.02,-7.10,-53.01,130.82,54.25,-17.77
-837,-764,641,-774,3366,1676,12.15,-34.08,29.97,-7.74,33.66,16.76,13.08,-7.26,-53.09,142.03,56.75,-17.79
-1758,-906,783,-871,3315,1724,0.21,-36.20,31.75,-8.71,33.15,17.24,13.08,-7.42,-53.18,259.87,74.50,-27.93
-2027,-955,833,-870,3312,1708,-12.17,-38.41,33.66,-8.70,33.12,17.08,13.04,-7.59,-53.27,277.46,77.91,-30.14
-3165,-1195,1052,-831,3414,1675,-30.26,-41.86,36.71,-8.31,34.14,16.75,12.92,-7.78,-53.38,416.82,108.10,-45.46
-3479,-1246,1108,-840,3419,1706,-48.46,-45.27,39.80,-8.40,34.19,17.06,12.73,-7.99,-53.49,430.37,109.55,-46.92
-4564,-1316,1237,-983,3339,1793,-71.45,-48.77,43.36,-9.83,33.39,17.93,12.44,-8.21,-53.62,552.47,113.74,-54.06
-4855,-1281,1252,-1036,3313,1894,-93.92,-51.71,46.66,-10.36,33.13,18.94,12.06,-8.44,-53.76,554.54,102.99,-51.82
-5492,-1087,1203,-1084,3166,2041,-118.03,-53.17,49.33,-10.84,31.66,20.41,11.58,-8.68,-53.91,606.33,70.80,-44.83
-5551,-680,985,-1101,2864,2215,-140.09,-52.00,50.41,-11.01,28.64,22.15,11.01,-8.92,-54.06,573.93,11.10,-25.21
-5468,-550,904,-1086,2779,2271,-159.44,-50.15,50.88,-10.86,27.79,22.71,10.36,-9.14,-54.22,525.06,-5.08,-17.83
-5556,-397,564,-1035,2459,2839,-177.38,-47.56,49.24,-10.35,24.59,28.39,9.64,-9.35,-54.38,504.96,-23.37,9.25
-5574,-298,391,-1041,2246,2880,-193.65,-44.62,46.70,-10.41,22.46,28.80,8.86,-9.55,-54.54,477.42,-32.77,21.23
-5097,-11,50,-1068,1847,2994,-205.37,-40.23,42.33,-10.68,18.47,29.94,8.02,-9.72,-54.68,383.02,-68.10,45.51
-4943,35,-28,-1043,1750,3101,-214.99,-35.99,37.93,-10.43,17.50,31.01,7.15,-9.86,-54.81,341.90,-66.99,47.47
-4293,246,-261,-1088,1438,3446,-219.68,-30.89,32.54,-10.88,14.38,34.46,6.26,-9.99,-54.93,234.48,-89.43,61.52
-4064,306,-313,-1160,1330,3552,-222.50,-25.94,27.38,-11.60,13.30,35.52,5.36,-10.09,-55.03,194.81,-89.13,60.46
-3519,441,-440,-1295,983,3961,-221.72,-20.65,21.96,-12.95,9.83,39.61,4.47,-10.16,-55.11,113.77,-99.66,65.49
-3405,448,-481,-1317,865,4029,-220.31,-15.85,16.83,-13.17,8.65,40.29,3.58,-10.21,-55.17,99.62,-91.61,63.54
-3170,277,-641,-1298,647,4306,-217.62,-12.58,11.23,-12.98,6.47,43.06,2.71,-10.24,-55.21,69.47,-59.31,71.17
-3160,185,-675,-1264,600,4335,-215.13,-10.19,5.99,-12.64,6.00,43.35,1.84,-10.27,-55.24,73.22,-40.74,68.51
-3140,-250,-764,-1134,332,4360,-212.77,-10.70,0.73,-11.34,3.32,43.60,1.00,-10.29,-55.24,75.20,24.66,70.48
-2733,-296,-775,-1082,217,3970,-208.17,-11.43,-4.07,-10.82,2.17,39.70,0.17,-10.32,-55.22,22.40,30.29,66.32
-2493,-589,-712,-953,-31,4050,-202.56,-13.88,-8.00,-9.53,-0.31,40.50,-0.64,-10.36,-55.19,-3.04,70.36,56.81
-2484,-657,-689,-930,-98,4013,-197.46,-16.50,-11.41,-9.30,-0.98,40.13,-1.42,-10.41,-55.14,5.77,75.80,51.26
-2502,-793,-591,-955,-396,3846,-192.97,-19.69,-13.87,-9.55,-3.96,38.46,-2.19,-10.47,-55.09,17.51,90.55,40.34
-2534,-826,-566,-906,-431,3785,-189.13,-22.76,-15.94,-9.06,-4.31,37.85,-2.93,-10.54,-55.03,30.15,89.82,36.03
-2665,-895,-439,-780,-585,3557,-186.48,-25.94,-17.02,-7.80,-5.85,35.57,-3.67,-10.63,-54.97,55.65,94.37,24.12
-2713,-905,-405,-737,-646,3521,-184.38,-28.87,-17.79,-7.37,-6.46,35.21,-4.40,-10.74,-54.90,67.43,90.42,20.42
-2892,-852,-247,-671,-722,3382,-183.58,-31.18,-17.52,-6.71,-7.22,33.82,-5.13,-10.85,-54.84,96.72,78.04,7.31
-3032,-685,-98,-635,-1027,3354,-183.72,-32.24,-16.36,-6.35,-10.27,33.54,-5.87,-10.97,-54.79,118.29,50.64,-4.09
-3065,-621,-45,-620,-1103,3360,-184.04,-32.80,-15.00,-6.20,-11.03,33.60,-6.60,-11.09,-54.75,123.19,39.89,-7.14
-3154,-330,-11,-654,-894,3416,-184.88,-31.54,-13.57,-6.54,-8.94,34.16,-7.34,-11.21,-54.71,135.67,-2.01,-8.51
-3175,-274,-36,-678,-1055,3469,-185.76,-30.05,-12.43,-6.78,-10.55,34.69,-8.09,-11.31,-54.68,137.70,-7.67,-5.19
-3245,-41,-135,-723,-1279,3647,-186.98,-27.30,-12.01,-7.23,-12.79,36.47,-8.84,-11.41,-54.65,146.56,-37.92,3.64
-3250,6,-159,-726,-1320,3670,-188.10,-24.53,-11.78,-7.26,-13.20,36.70,-9.59,-11.50,-54.62,145.69,-39.79,5.91
-3249,75,-274,-762,-1599,3783,-189.11,-21.62,-12.27,-7.62,-15.99,37.83,-10.35,-11.58,-54.58,144.13,-44.75,15.13
-3216,-23,-451,-778,-1721,3780,-189.82,-19.60,-13.80,-7.78,-17.21,37.80,-11.11,-11.65,-54.55,138.26,-25.92,28.51
-3196,-69,-463,-802,-1911,3724,-190.33,-18.06,-15.24,-8.02,-19.11,37.24,-11.87,-11.72,-54.50,134.74,-15.95,27.99
-3080,-236,-566,-730,-2255,3642,-190.09,-17.69,-17.17,-7.30,-22.55,36.42,-12.64,-11.79,-54.45,118.02,10.26,34.67
-2896,-326,-593,-783,-2476,3587,-188.74,-17.91,-19.07,-7.83,-24.76,35.87,-13.39,-11.86,-54.39,93.00,23.62,34.94
-2832,-335,-584,-764,-2506,3549,-187.14,-18.17,-20.73,-7.64,-25.06,35.49,-14.14,-11.94,-54.33,86.76,24.56,32.42
-2530,-402,-501,-638,-2562,3394,-183.86,-18.80,-21.71,-6.38,-25.62,33.94,-14.88,-12.02,-54.27,47.41,33.63,24.34
-2452,-427,-475,-632,-2559,3347,-180.43,-19.53,-22.44,-6.32,-25.59,33.47,-15.60,-12.11,-54.20,42.48,36.13,21.36
-2132,-539,-399,-655,-2772,3177,-175.40,-20.86,-22.63,-6.55,-27.72,31.77,-16.30,-12.21,-54.14,3.69,50.74,14.72
-1798,-663,-403,-639,-2895,2938,-168.82,-22.82,-22.82,-6.39,-28.95,29.38,-16.98,-12.31,-54.08,-34.35,66.01,14.84
-1688,-694,-410,-639,-2959,2883,-162.24,-24.77,-23.04,-6.39,-29.59,28.83,-17.63,-12.42,-54.02,-38.22,67.12,15.20
-1392,-731,-477,-696,-3111,2725,-154.51,-26.75,-23.65,-6.96,-31.11,27.25,-18.25,-12.54,-53.97,-68.31,69.08,20.23
-1304,-723,-511,-696,-3141,2692,-147.01,-28.49,-24.40,-6.96,-31.41,26.92,-18.84,-12.67,-53.91,-67.14,64.66,22.31
-1106,-665,-616,-730,-3078,2624,-139.06,-29.70,-25.72,-7.30,-30.78,26.24,-19.40,-12.80,-53.86,-81.90,53.62,29.81
-1031,-595,-685,-664,-2856,2600,-131.44,-30.36,-27.32,-6.64,-28.56,26.00,-19.93,-12.94,-53.80,-78.57,41.79,33.94
-1028,-592,-666,-640,-2779,2593,-124.57,-30.93,-28.65,-6.40,-27.79,25.93,-20.42,-13.09,-53.73,-65.68,40.33,30.92
-1062,-658,-622,-623,-3141,2552,-118.59,-31.85,-29.58,-6.23,-31.41,25.52,-20.90,-13.24,-53.67,-48.86,48.76,26.20
-1067,-688,-622,-622,-3182,2551,-113.24,-32.86,-30.42,-6.22,-31.82,25.51,-21.35,-13.40,-53.61,-37.66,51.52,25.31
-1063,-806,-600,-542,-3197,2458,-108.40,-34.49,-31.04,-5.42,-31.97,24.58,-21.79,-13.56,-53.54,-28.82,66.53,22.79
-1019,-921,-577,-547,-3284,2293,-103.77,-36.66,-31.45,-5.47,-32.84,22.93,-22.20,-13.73,-53.48,-26.50,80.08,20.39
-1001,-943,-574,-583,-3302,2246,-99.50,-38.75,-31.81,-5.83,-33.02,22.46,-22.60,-13.92,-53.43,-20.89,79.60,19.76
-964,-908,-636,-607,-3431,2176,-95.43,-40.41,-32.51,-6.07,-34.31,21.76,-22.98,-14.11,-53.37,-18.57,71.24,24.26
-958,-888,-648,-595,-3433,2124,-91.73,-41.79,-33.21,-5.95,-34.33,21.24,-23.35,-14.30,-53.32,-12.24,65.71,24.53
-959,-786,-668,-562,-3434,2074,-88.41,-42.40,-33.96,-5.62,-34.34,20.74,-23.71,-14.50,-53.26,-5.55,49.12,25.42
-983,-686,-678,-616,-3535,2063,-85.57,-42.35,-34.70,-6.16,-35.35,20.63,-24.05,-14.71,-53.21,3.72,34.11,25.48
-986,-667,-688,-656,-3576,2064,-83.02,-42.18,-35.43,-6.56,-35.76,20.64,-24.38,-14.91,-53.15,9.21,31.66,25.56
-957,-630,-768,-713,-3695,2070,-80.56,-41.81,-36.57,-7.13,-36.95,20.70,-24.70,-15.11,-53.09,9.67,26.87,31.12
-940,-637,-785,-712,-3703,2048,-78.24,-41.51,-37.70,-7.12,-37.03,20.48,-25.01,-15.32,-53.02,11.68,28.63,31.36
-858,-679,-822,-746,-3772,2048,-75.65,-41.50,-38.95,-7.46,-37.72,20.48,-25.31,-15.52,-52.95,4.28,35.19,33.17
-832,-684,-827,-768,-3810,2047,-73.16,-41.52,-40.10,-7.68,-38.10,20.47,-25.60,-15.73,-52.88,5.22,36.05,32.37
-777,-664,-817,-772,-3865,2028,-70.58,-41.42,-41.07,-7.72,-38.65,20.28,-25.88,-15.94,-52.80,1.89,33.33,30.48
-767,-658,-806,-771,-3896,2011,-68.20,-41.29,-41.88,-7.71,-38.96,20.11,-26.14,-16.15,-52.73,5.05,32.80,28.69
-750,-664,-770,-843,-4012,1986,-65.96,-41.22,-42.39,-8.43,-40.12,19.86,-26.40,-16.37,-52.65,6.88,34.00,25.09
-743,-670,-761,-864,-4039,1975,-63.89,-41.18,-42.79,-8.64,-40.39,19.75,-26.65,-16.58,-52.57,9.88,35.12,23.89
-691,-715,-712,-858,-4089,1967,-61.72,-41.42,-42.86,-8.58,-40.89,19.67,-26.89,-16.80,-52.49,6.23,41.67,19.67
-667,-733,-692,-836,-4083,1954,-59.62,-41.75,-42.79,-8.36,-40.83,19.54,-27.12,-17.01,-52.42,6.70,43.93,18.03
-485,-865,-591,-760,-4089,1883,-56.61,-42.85,-42.12,-7.60,-40.89,18.83,-27.34,-17.23,-52.35,-15.22,62.12,10.18
-418,-905,-569,-733,-4090,1874,-53.50,-44.09,-41.38,-7.33,-40.90,18.74,-27.55,-17.46,-52.28,-19.41,66.03,9.10
-102,-1062,-495,-653,-4036,1719,-48.77,-46.16,-40.26,-6.53,-40.36,17.19,-27.74,-17.68,-52.23,-58.51,86.20,4.01
-1,-1101,-482,-627,-4043,1663,-43.90,-48.26,-39.17,-6.27,-40.43,16.63,-27.92,-17.92,-52.18,-64.57,88.33,4.05
412,-1234,-483,-564,-3959,1469,-37.00,-50.96,-38.20,-5.64,-39.59,14.69,-28.07,-18.16,-52.15,-114.38,103.65,5.16
837,-1303,-564,-511,-3954,1429,-28.19,-53.81,-37.82,-5.11,-39.54,14.29,-28.19,-18.42,-52.12,-162.44,108.94,12.42
947,-1303,-611,-480,-3959,1429,-19.60,-56.38,-37.77,-4.80,-39.59,14.29,-28.27,-18.68,-52.10,-162.87,104.25,16.46
1448,-1225,-841,-495,-4044,1423,-8.80,-58.21,-39.12,-4.95,-40.44,14.23,-28.32,-18.95,-52.07,-218.81,89.06,34.51
2096,-1031,-1124,-488,-4196,1523,4.86,-58.68,-42.06,-4.88,-41.96,15.23,-28.30,-19.23,-52.04,-291.75,58.77,55.37
2233,-1006,-1195,-470,-4250,1557,18.00,-58.95,-45.15,-4.70,-42.50,15.57,-28.23,-19.51,-51.99,-287.82,54.64,58.12
2658,-1021,-1439,-355,-4593,1628,32.41,-59.28,-49.41,-3.55,-45.93,16.28,-28.10,-19.81,-51.93,-325.42,56.49,74.27
2732,-1061,-1481,-326,-4705,1611,45.83,-59.83,-53.50,-3.26,-47.05,16.11,-27.90,-20.11,-51.86,-311.40,61.76,73.49
2931,-1345,-1511,-226,-4874,1951,59.13,-62.05,-57.37,-2.26,-48.74,19.51,-27.65,-20.43,-51.77,-316.74,101.08,71.93
3581,-911,-1270,-13,-3971,1973,75.06,-61.40,-59.38,-0.13,-39.71,19.73,-27.33,-20.75,-51.67,-385.90,36.33,49.37
3640,-838,-1120,18,-3980,2101,89.76,-60.37,-60.27,0.18,-39.80,21.01,-26.95,-21.07,-51.57,-367.31,27.35,35.71
3866,-533,-649,-187,-4516,2261,104.37,-57.59,-58.21,-1.87,-45.16,22.61,-26.51,-21.37,-51.46,-374.40,-13.68,-2.02
3840,-313,-274,-296,-4478,2852,117.35,-53.74,-54.06,-2.96,-44.78,28.52,-26.02,-21.65,-51.36,-346.16,-39.76,-29.40
3810,-268,-172,-313,-4431,2836,128.86,-50.00,-49.70,-3.13,-44.31,28.36,-25.48,-21.90,-51.27,-320.15,-39.37,-33.44
3651,-148,215,-275,-4109,3146,138.24,-45.90,-43.42,-2.75,-41.09,31.46,-24.91,-22.13,-51.19,-278.50,-49.76,-59.58
3425,-90,604,-409,-3577,3306,145.31,-41.86,-35.39,-4.09,-35.77,33.06,-24.32,-22.33,-51.13,-231.04,-50.82,-84.05
3261,-20,752,-519,-3327,3428,150.67,-37.80,-27.27,-5.19,-33.27,34.28,-23.71,-22.50,-51.09,-196.28,-53.69,-87.98
2760,248,901,-504,-2787,3612,152.44,-32.50,-19.04,-5.04,-27.87,36.12,-23.10,-22.63,-51.08,-116.93,-84.45,-91.90
2591,333,910,-482,-2616,3616,153.00,-27.22,-11.59,-4.82,-26.16,36.16,-22.50,-22.73,-51.08,-90.49,-87.34,-84.77
1891,672,890,-406,-2044,3750,149.24,-20.40,-5.00,-4.06,-20.44,37.50,-21.91,-22.80,-51.09,8.74,-126.07,-76.10
1211,1067,792,-364,-1532,3863,141.70,-11.85,0.33,-3.64,-15.32,38.63,-21.35,-22.82,-51.12,97.80,-170.10,-62.15
1012,1205,751,-440,-1366,3829,133.70,-3.32,4.88,-4.40,-13.66,38.29,-20.83,-22.81,-51.14,112.65,-174.99,-53.86
492,1545,636,-805,-1324,3996,123.33,6.44,8.27,-8.05,-13.24,39.96,-20.34,-22.76,-51.16,171.99,-208.39,-40.52
390,1618,581,-885,-1531,4058,113.38,15.67,10.99,-8.85,-15.31,40.58,-19.89,-22.67,-51.18,168.40,-202.11,-32.98
129,1673,94,-892,-2010,4136,102.83,24.30,10.46,-8.92,-20.10,41.36,-19.49,-22.55,-51.19,187.95,-194.22,7.72
91,1626,-10,-949,-1932,4165,93.10,31.79,9.36,-9.49,-19.32,41.65,-19.12,-22.40,-51.19,175.07,-172.97,15.36
58,1296,-318,-828,-1648,4178,84.15,36.52,6.48,-8.28,-16.48,41.78,-18.77,-22.23,-51.16,162.92,-113.80,38.41
94,1185,-365,-766,-1612,4172,76.30,40.10,3.61,-7.66,-16.12,41.72,-18.45,-22.06,-51.12,142.36,-90.21,39.34
381,717,-435,-576,-1553,3874,71.00,40.46,0.59,-5.76,-15.53,38.74,-18.15,-21.89,-51.07,88.35,-18.27,42.08
499,595,-429,-533,-1515,3786,66.94,40.04,-2.08,-5.33,-15.15,37.86,-17.86,-21.72,-51.01,62.48,-0.56,38.73
1009,230,-349,-463,-1369,3248,66.40,37.44,-4.01,-4.63,-13.69,32.48,-17.58,-21.57,-50.95,-16.50,50.07,29.91
1157,185,-318,-529,-1310,3121,66.82,34.83,-5.54,-5.29,-13.10,31.21,-17.29,-21.42,-50.88,-38.47,51.89,25.65
1693,323,-213,-869,-1279,2922,70.47,33.31,-6.29,-8.69,-12.79,29.22,-16.99,-21.29,-50.81,-113.51,27.89,15.96
1792,418,-202,-952,-1336,2945,74.35,32.53,-6.89,-9.52,-13.36,29.45,-16.67,-21.15,-50.75,-121.46,11.83,14.38
1666,726,-216,-1228,-1434,3294,77.08,33.71,-7.52,-12.28,-14.34,32.94,-16.34,-21.01,-50.68,-97.30,-33.00,14.90
1257,1067,-218,-1352,-1475,3449,77.04,36.85,-8.10,-13.52,-14.75,34.49,-16.00,-20.86,-50.60,-35.22,-79.16,14.45
1094,1166,-199,-1461,-1502,3489,76.01,40.27,-8.50,-14.61,-15.02,34.89,-15.67,-20.70,-50.52,-12.53,-87.87,12.40
988,1473,-135,-1647,-1402,3655,74.43,45.23,-8.48,-16.47,-14.02,36.55,-15.35,-20.52,-50.43,0.44,-125.42,7.00
1009,1469,-93,-1601,-1304,3589,73.14,49.67,-8.20,-16.01,-13.04,35.89,-15.03,-20.32,-50.34,-5.42,-116.54,3.73
780,1151,130,-1462,-885,4099,70.59,51.72,-6.58,-14.62,-8.85,40.99,-14.71,-20.11,-50.26,24.46,-64.29,-13.46
632,997,192,-1524,-825,4115,67.38,52.63,-4.75,-15.24,-8.25,41.15,-14.42,-19.89,-50.18,40.76,-39.23,-16.78
247,563,204,-2004,-871,4435,62.15,50.80,-3.03,-20.04,-8.71,44.35,-14.14,-19.68,-50.12,89.39,23.35,-15.99
17,83,23,-1966,-999,4349,56.04,46.23,-2.59,-19.66,-9.99,43.49,-13.90,-19.49,-50.06,112.72,87.76,-0.19
14,-70,-15,-1900,-917,4414,50.52,41.18,-2.42,-19.00,-9.17,44.14,-13.68,-19.31,-50.01,102.58,101.42,3.21
164,-695,-12,-1745,-747,4238,46.47,32.82,-2.25,-17.45,-7.47,42.38,-13.48,-19.17,-49.96,71.90,180.80,3.13
250,-845,2,-1762,-796,4259,43.35,24.39,-2.02,-17.62,-7.96,42.59,-13.29,-19.06,-49.93,52.75,187.63,2.19
751,-1240,74,-1908,-858,4097,43.59,14.38,-1.36,-19.08,-8.58,40.97,-13.11,-18.99,-49.91,-23.31,228.87,-3.22
904,-1289,107,-1920,-883,4108,44.75,5.08,-0.57,-19.20,-8.83,41.08,-12.93,-18.95,-49.91,-44.57,218.70,-5.18
1000,-1423,161,-2000,-735,4218,46.37,-4.11,0.47,-20.00,-7.35,42.18,-12.75,-18.95,-49.91,-56.25,221.74,-8.66
939,-1459,190,-2011,-691,4249,47.47,-12.60,1.58,-20.11,-6.91,42.49,-12.56,-18.98,-49.93,-45.01,211.17,-9.93
862,-1496,270,-1816,-593,3948,47.98,-20.46,3.07,-18.16,-5.93,39.48,-12.38,-19.04,-49.96,-32.42,201.95,-15.13
835,-1525,288,-1692,-553,3932,48.27,-27.72,4.52,-16.92,-5.53,39.32,-12.20,-19.13,-50.00,-27.86,192.69,-15.12
557,-1659,321,-1488,-451,3920,46.84,-35.07,6.02,-14.88,-4.51,39.20,-12.02,-19.24,-50.06,11.71,199.28,-16.31
462,-1676,328,-1482,-445,3886,44.98,-41.78,7.42,-14.82,-4.45,38.86,-11.86,-19.38,-50.12,22.56,189.24,-15.42
174,-1666,352,-1356,-437,3837,41.54,-47.77,8.83,-13.56,-4.37,38.37,-11.72,-19.55,-50.20,59.88,176.49,-15.96
129,-1627,365,-1353,-439,3823,38.17,-52.92,10.17,-13.53,-4.39,38.23,-11.60,-19.73,-50.29,60.28,160.92,-15.63
-30,-1456,414,-1201,-441,3914,34.17,-56.51,11.68,-12.01,-4.41,39.14,-11.49,-19.92,-50.38,76.88,128.17,-18.17
-64,-1413,428,-1104,-407,3935,30.37,-59.47,13.12,-11.04,-4.07,39.35,-11.40,-20.13,-50.49,74.80,116.12,-17.82
-97,-1423,466,-815,-281,3874,26.74,-62.21,14.65,-8.15,-2.81,38.74,-11.33,-20.34,-50.60,72.91,112.61,-19.41
-91,-1443,464,-775,-282,3854,23.51,-64.79,16.02,-7.75,-2.82,38.54,-11.27,-20.57,-50.72,65.84,110.92,-17.79
-37,-1527,360,-654,-348,3776,20.93,-67.62,16.61,-6.54,-3.48,37.76,-11.23,-20.80,-50.84,52.70,118.52,-8.33
2,-1535,321,-606,-348,3747,18.85,-70.23,16.91,-6.06,-3.48,37.47,-11.20,-21.05,-50.97,42.79,114.97,-4.70
207,-1520,188,-376,-370,3519,18.23,-72.48,16.36,-3.76,-3.70,35.19,-11.17,-21.31,-51.10,10.33,108.59,6.00
261,-1505,158,-341,-383,3488,18.00,-74.41,15.69,-3.41,-3.83,34.88,-11.14,-21.57,-51.23,1.64,102.82,7.84
404,-1381,68,-275,-516,3383,18.66,-75.39,14.54,-2.75,-5.16,33.83,-11.11,-21.84,-51.35,-18.93,82.22,14.25
404,-1347,50,-238,-546,3386,19.26,-76.07,13.39,-2.38,-5.46,33.86,-11.07,-22.11,-51.47,-17.82,75.93,14.57
250,-1268,57,-4,-638,3136,18.86,-76.20,12.40,-0.04,-6.38,31.36,-11.04,-22.38,-51.59,4.88,63.82,12.94
271,-1227,79,44,-652,3031,18.63,-76.06,11.64,0.44,-6.52,30.31,-11.01,-22.65,-51.70,1.22,58.01,10.29
394,-1161,222,365,-625,2809,19.17,-75.54,11.83,3.65,-6.25,28.09,-10.98,-22.92,-51.81,-16.53,49.11,-1.62
389,-1165,259,412,-577,2680,19.62,-75.09,12.23,4.12,-5.77,26.80,-10.95,-23.19,-51.93,-14.93,50.75,-4.32
296,-1217,340,525,-318,2440,19.47,-75.01,13.08,5.25,-3.18,24.40,-10.91,-23.46,-52.04,-1.07,59.02,-10.27
263,-1205,357,542,-287,2397,19.12,-74.86,13.95,5.42,-2.87,23.97,-10.88,-23.73,-52.16,3.29,57.65,-10.78
67,-1144,422,596,-304,2144,17.62,-74.35,15.13,5.96,-3.04,21.44,-10.85,-23.99,-52.29,30.32,49.48,-15.03
30,-1108,412,574,-365,2087,16.04,-73.67,16.13,5.74,-3.65,20.87,-10.84,-24.25,-52.42,32.96,45.44,-13.11
-166,-997,266,803,-578,1883,13.42,-72.39,16.14,8.03,-5.78,18.83,-10.86,-24.52,-52.55,57.91,31.13,-0.72
-207,-943,270,886,-643,1785,10.82,-70.90,16.17,8.86,-6.43,17.85,-10.89,-24.79,-52.69,59.25,25.88,-1.01
-364,-847,324,1355,-799,1308,7.52,-68.98,16.53,13.55,-7.99,13.08,-10.93,-25.06,-52.82,76.96,15.06,-5.19
-383,-840,345,1414,-696,1286,4.43,-67.20,16.98,14.14,-6.96,12.86,-10.97,-25.32,-52.96,74.04,17.53,-6.48
-441,-807,538,1395,15,1267,1.30,-65.41,18.57,13.95,0.15,12.67,-11.02,-25.58,-53.09,76.98,16.07,-21.14
-451,-760,611,1327,-126,1380,-1.58,-63.50,20.44,13.27,-1.26,13.80,-11.08,-25.83,-53.23,73.09,12.68,-25.33
-365,-169,784,1133,-307,1763,-3.65,-58.18,23.17,11.33,-3.07,17.63,-11.16,-26.06,-53.38,56.11,-67.22,-37.08
-347,-20,807,1089,-256,1743,-5.40,-52.49,25.78,10.89,-2.56,17.43,-11.25,-26.26,-53.54,50.11,-79.02,-36.25
-415,420,875,901,43,2114,-7.40,-44.68,28.54,9.01,0.43,21.14,-11.33,-26.41,-53.69,56.76,-131.23,-39.08
-500,471,898,882,103,2174,-9.71,-37.33,31.16,8.82,1.03,21.74,-11.43,-26.53,-53.85,65.41,-125.03,-38.24
-525,904,992,657,26,2346,-11.94,-28.09,34.10,6.57,0.26,23.46,-11.54,-26.60,-54.02,65.07,-173.50,-43.08
-474,1038,981,545,-126,2338,-13.64,-18.95,36.67,5.45,-1.26,23.38,-11.66,-26.63,-54.20,54.16,-176.60,-39.40
-327,1094,523,385,-390,2505,-14.27,-10.38,36.20,3.85,-3.90,25.05,-11.79,-26.63,-54.36,30.63,-168.92,-1.09
-283,1057,511,227,-131,2757,-14.57,-2.89,35.69,2.27,-1.31,27.57,-11.91,-26.59,-54.52,23.43,-149.12,-0.59
43,1100,262,118,108,3082,-12.85,4.11,33.72,1.18,1.08,30.82,-12.02,-26.54,-54.66,-22.96,-142.46,18.43
113,1059,190,171,141,3235,-10.87,10.16,31.51,1.71,1.41,32.35,-12.11,-26.46,-54.78,-29.83,-124.80,22.20
60,905,-94,3,-135,3673,-9.42,14.66,27.78,0.03,-1.35,36.73,-12.19,-26.36,-54.89,-18.95,-92.85,42.32
-14,847,-159,-4,-231,3770,-8.56,18.36,24.04,-0.04,-2.31,37.70,-12.26,-26.25,-54.97,-5.99,-77.06,43.87
-232,694,-298,51,-587,3869,-9.12,20.76,19.81,0.51,-5.87,38.69,-12.32,-26.14,-55.04,26.23,-49.27,51.18
-284,644,-301,73,-651,3882,-9.94,22.61,16.00,0.73,-6.51,38.82,-12.38,-26.02,-55.08,32.65,-38.21,47.40
-360,502,-87,163,-945,3921,-11.14,23.41,13.87,1.63,-9.45,39.21,-12.44,-25.90,-55.12,42.00,-15.12,27.02
-375,456,15,204,-978,3947,-12.32,23.85,12.57,2.04,-9.78,39.47,-12.50,-25.78,-55.15,42.11,-7.35,17.00
-307,293,131,305,-468,3747,-12.96,23.25,12.11,3.05,-4.68,37.47,-12.56,-25.66,-55.18,30.57,16.30,6.69
-281,257,138,294,-544,3760,-13.38,22.50,11.74,2.94,-5.44,37.60,-12.63,-25.55,-55.21,25.85,20.28,5.71
-178,228,119,91,-763,3681,-13.12,21.64,11.30,0.91,-7.63,36.81,-12.69,-25.44,-55.24,10.66,23.00,6.85
-151,256,103,63,-768,3673,-12.73,21.04,10.79,0.63,-7.68,36.73,-12.75,-25.33,-55.26,7.33,17.52,7.68
-94,393,49,-76,-770,3650,-12.03,21.33,10.01,-0.76,-7.70,36.50,-12.81,-25.22,-55.29,-0.00,-2.89,11.43
-88,433,36,-79,-754,3655,-11.37,21.84,9.23,-0.79,-7.54,36.55,-12.86,-25.11,-55.30,0.38,-8.10,11.70
-156,518,-18,-47,-827,3636,-11.18,22.81,8.20,-0.47,-8.27,36.36,-12.91,-25.00,-55.32,11.13,-19.29,15.19
-187,528,-44,-46,-847,3649,-11.20,23.75,7.11,-0.46,-8.47,36.49,-12.96,-24.88,-55.32,15.85,-19.11,16.24
-293,527,-131,9,-967,3523,-11.87,24.59,5.60,0.09,-9.67,35.23,-13.01,-24.76,-55.32,30.78,-17.45,22.01
-306,524,-148,28,-1024,3481,-12.55,25.33,4.14,0.28,-10.24,34.81,-13.06,-24.64,-55.32,31.51,-15.67,21.90
-253,529,-169,-24,-1320,3219,-12.84,26.02,2.69,-0.24,-13.20,32.19,-13.11,-24.52,-55.31,22.92,-15.20,22.15
-216,548,-158,-68,-1364,3188,-12.87,26.76,1.46,-0.68,-13.64,31.88,-13.16,-24.40,-55.29,17.25,-16.77,19.91
-89,718,-42,-166,-1420,3156,-12.13,28.47,1.06,-1.66,-14.20,31.56,-13.21,-24.27,-55.27,-0.68,-39.56,9.65
-71,784,7,-187,-1359,3158,-11.35,30.40,0.99,-1.87,-13.59,31.58,-13.25,-24.14,-55.24,-1.92,-46.05,5.43
-80,1082,273,-258,-1007,3263,-10.70,33.96,2.56,-2.58,-10.07,32.63,-13.29,-23.99,-55.22,0.70,-84.85,-15.45
-109,1161,342,-294,-944,3303,-10.30,37.65,4.39,-2.94,-9.44,33.03,-13.32,-23.82,-55.20,5.91,-90.02,-19.36
-336,1468,443,-572,-781,3759,-11.32,42.84,6.65,-5.72,-7.81,37.59,-13.36,-23.63,-55.19,38.62,-127.14,-25.52
-426,1545,432,-633,-730,3876,-12.78,47.98,8.62,-6.33,-7.30,38.76,-13.40,-23.42,-55.18,49.60,-129.28,-22.50
-783,1682,295,-713,-786,4093,-16.28,53.44,9.56,-7.13,-7.86,40.93,-13.46,-23.18,-55.16,97.46,-139.98,-9.90
-863,1661,233,-707,-822,4135,-19.92,58.23,10.03,-7.07,-8.22,41.35,-13.53,-22.93,-55.14,102.82,-127.88,-4.16
-1036,1421,-38,-839,-1140,4286,-24.25,61.07,8.79,-8.39,-11.40,42.86,-13.62,-22.67,-55.12,121.06,-86.07,17.49
-1020,1359,-95,-915,-1264,4292,-28.04,63.26,7.33,-9.15,-12.64,42.92,-13.72,-22.40,-55.09,111.49,-72.65,20.77
-818,1194,-191,-923,-1340,4319,-30.23,64.21,5.43,-9.23,-13.40,43.19,-13.83,-22.13,-55.04,76.62,-45.86,26.89
-733,1150,-179,-1084,-1564,4311,-31.68,64.81,3.80,-10.84,-15.64,43.11,-13.94,-21.86,-54.99,60.99,-38.20,24.14
-344,1067,-17,-1105,-1622,4324,-30.61,64.84,3.32,-11.05,-16.22,43.24,-14.05,-21.58,-54.94,3.76,-25.67,9.90
-128,926,138,-1187,-1608,4245,-28.33,64.00,3.83,-11.87,-16.08,42.45,-14.14,-21.31,-54.89,-24.80,-5.93,-2.70
-68,872,162,-1133,-1564,4221,-25.91,62.92,4.43,-11.33,-15.64,42.21,-14.23,-21.05,-54.84,-29.31,0.08,-4.10
-24,648,178,-1000,-1513,4061,-23.47,60.58,5.07,-10.00,-15.13,40.61,-14.32,-20.79,-54.80,-31.33,29.64,-4.78
-39,580,168,-964,-1516,3959,-21.36,58.06,5.59,-9.64,-15.16,39.59,-14.39,-20.54,-54.77,-25.00,35.08,-3.38
-106,436,102,-1067,-1546,3796,-19.87,54.91,5.65,-10.67,-15.46,37.96,-14.46,-20.31,-54.73,-11.92,50.92,2.27
-97,460,73,-1130,-1542,3708,-18.47,52.23,5.53,-11.30,-15.42,37.08,-14.53,-20.08,-54.70,-10.60,42.03,4.60
67,646,65,-1316,-1510,3647,-16.22,50.95,5.38,-13.16,-15.10,36.47,-14.59,-19.86,-54.67,-31.30,11.09,5.11
142,731,64,-1426,-1522,3738,-13.73,50.31,5.23,-14.26,-15.22,37.38,-14.63,-19.65,-54.64,-38.00,-3.22,5.03
137,935,36,-1634,-1442,4314,-11.52,50.98,4.93,-16.34,-14.42,43.14,-14.67,-19.43,-54.60,-33.03,-33.20,7.08
29,919,31,-1631,-1427,4429,-10.19,51.49,4.62,-16.31,-14.27,44.29,-14.70,-19.21,-54.57,-14.02,-29.95,7.18
-64,859,25,-1635,-1442,4239,-9.56,51.58,4.31,-16.35,-14.42,42.39,-14.73,-18.98,-54.53,1.37,-20.77,7.36
31,785,28,-1521,-1353,4226,-8.42,51.21,4.05,-15.21,-13.53,42.26,-14.75,-18.76,-54.49,-10.93,-10.33,6.82
196,438,42,-1489,-1221,4524,-6.38,48.76,3.90,-14.89,-12.21,45.24,-14.77,-18.55,-54.46,-32.23,37.81,5.48
208,329,42,-1528,-1189,4527,-4.47,45.89,3.77,-15.28,-11.89,45.27,-14.77,-18.36,-54.42,-30.44,48.86,5.33
283,82,5,-1775,-1099,4701,-2.30,41.80,3.42,-17.75,-10.99,47.01,-14.77,-18.17,-54.39,-37.76,78.67,8.10
307,42,-36,-1884,-1074,4696,-0.20,37.88,2.86,-18.84,-10.74,46.96,-14.76,-18.01,-54.36,-37.45,77.22,10.97
346,-15,-123,-1857,-892,4892,1.93,34.00,1.82,-18.57,-8.92,48.92,-14.74,-17.86,-54.33,-39.37,78.47,17.24
366,-29,-140,-1834,-848,4881,3.97,30.42,0.79,-18.34,-8.48,48.81,-14.72,-17.72,-54.30,-38.58,73.74,17.58
469,-157,-226,-1772,-861,5074,6.44,26.42,-0.67,-17.72,-8.61,50.74,-14.68,-17.60,-54.27,-49.64,85.61,23.32
519,-199,-262,-1756,-904,5077,8.96,22.57,-2.20,-17.56,-9.04,50.77,-14.63,-17.50,-54.24,-52.52,84.64,24.75
766,-428,-401,-1502,-817,5109,12.74,17.70,-4.43,-15.02,-8.17,51.09,-14.57,-17.42,-54.20,-83.08,110.29,34.16
839,-494,-413,-1429,-761,5085,16.58,12.92,-6.50,-14.29,-7.61,50.85,-14.48,-17.36,-54.16,-86.99,111.25,32.98
1050,-654,-427,-1466,-781,5102,21.33,7.64,-8.46,-14.66,-7.81,51.02,-14.38,-17.32,-54.12,-110.24,125.63,32.09
1080,-638,-430,-1534,-792,5166,25.78,2.98,-10.23,-15.34,-7.92,51.66,-14.26,-17.30,-54.07,-106.45,114.36,30.46
1008,-435,-357,-1698,-841,5308,29.35,0.03,-11.39,-16.98,-8.41,53.08,-14.13,-17.30,-54.02,-88.80,77.81,23.05
915,-333,-287,-1674,-849,5358,32.00,-2.01,-12.00,-16.74,-8.49,53.58,-13.99,-17.30,-53.98,-69.70,58.40,16.47
606,-214,-144,-1697,-878,5561,32.50,-3.11,-11.68,-16.97,-8.78,55.61,-13.84,-17.30,-53.93,-21.73,38.16,4.69
517,-203,-115,-1722,-892,5621,32.40,-4.04,-11.21,-17.22,-8.92,56.21,-13.70,-17.31,-53.89,-8.44,34.74,2.72
225,-255,-58,-1722,-925,5752,30.53,-5.19,-10.45,-17.22,-9.25,57.52,-13.56,-17.33,-53.85,32.46,40.49,-1.30
168,-284,-48,-1702,-893,5773,28.50,-6.40,-9.69,-17.02,-8.93,57.73,-13.43,-17.34,-53.82,37.23,42.63,-1.35
68,-445,-31,-1564,-860,5748,26.07,-8.48,-8.91,-15.64,-8.60,57.48,-13.32,-17.37,-53.79,47.79,63.27,-1.97
76,-496,-45,-1504,-878,5718,23.93,-10.66,-8.30,-15.04,-8.78,57.18,-13.21,-17.40,-53.76,42.44,66.94,-0.13
234,-680,-145,-1349,-915,5551,22.96,-13.74,-8.35,-13.49,-9.15,55.51,-13.11,-17.44,-53.74,16.45,89.19,8.28
308,-706,-171,-1339,-932,5514,22.54,-16.67,-8.56,-13.39,-9.32,55.14,-13.01,-17.50,-53.72,4.31,87.64,10.26
604,-719,-226,-1403,-1022,5432,23.97,-19.39,-9.08,-14.03,-10.22,54.32,-12.91,-17.56,-53.70,-38.18,84.52,14.36
657,-728,-234,-1376,-1058,5441,25.58,-21.89,-9.60,-13.76,-10.58,54.41,-12.80,-17.64,-53.68,-43.29,81.20,14.49
724,-754,-198,-1322,-1114,5208,27.44,-24.30,-9.85,-13.22,-11.14,52.08,-12.69,-17.73,-53.67,-50.06,80.66,11.18
743,-770,-177,-1306,-1105,5236,29.23,-26.57,-9.94,-13.06,-11.05,52.36,-12.56,-17.82,-53.65,-49.65,78.87,9.30
661,-906,-89,-1323,-1071,5208,30.34,-29.44,-9.49,-13.23,-10.71,52.08,-12.44,-17.93,-53.64,-35.13,94.24,2.32
520,-1151,-13,-1167,-1014,5053,30.48,-33.52,-8.62,-11.67,-10.14,50.53,-12.31,-18.05,-53.63,-13.45,123.96,-3.20
487,-1225,3,-1124,-992,4917,30.40,-37.64,-7.74,-11.24,-9.92,49.17,-12.19,-18.18,-53.63,-8.64,127.53,-3.62
409,-1457,53,-1082,-992,4638,29.85,-42.76,-6.64,-10.82,-9.92,46.38,-12.08,-18.34,-53.64,2.14,153.31,-6.70
403,-1488,62,-1083,-996,4531,29.33,-47.56,-5.60,-10.83,-9.96,45.31,-11.96,-18.51,-53.66,1.99,149.06,-6.35
412,-1538,105,-952,-918,4175,28.91,-52.19,-4.40,-9.52,-9.18,41.75,-11.86,-18.70,-53.69,-0.25,148.05,-8.72
423,-1546,120,-899,-908,4044,28.60,-56.40,-3.23,-8.99,-9.08,40.44,-11.76,-18.91,-53.73,-2.59,141.43,-8.75
443,-1580,153,-796,-840,3737,28.44,-60.40,-1.97,-7.96,-8.40,37.37,-11.66,-19.13,-53.77,-6.00,139.18,-10.21
431,-1570,157,-810,-815,3702,28.23,-63.93,-0.82,-8.10,-8.15,37.02,-11.56,-19.36,-53.82,-4.64,131.11,-9.32
307,-1487,155,-791,-719,3569,27.28,-66.61,0.21,-7.91,-7.19,35.69,-11.47,-19.61,-53.88,12.41,113.55,-8.06
256,-1463,149,-737,-696,3525,26.11,-68.87,1.10,-7.37,-6.96,35.25,-11.39,-19.86,-53.94,17.93,105.77,-6.61
64,-1403,152,-468,-479,3377,23.89,-70.55,1.91,-4.68,-4.79,33.77,-11.31,-20.12,-54.01,42.95,93.62,-5.99
31,-1397,156,-404,-428,3338,21.69,-72.01,2.68,-4.04,-4.28,33.38,-11.25,-20.38,-54.08,43.78,90.10,-5.52
34,-1390,132,-251,-258,3281,19.73,-73.29,3.21,-2.51,-2.58,32.81,-11.19,-20.65,-54.15,39.56,86.79,-2.91
74,-1388,117,-213,-187,3275,18.21,-74.43,3.61,-2.13,-1.87,32.75,-11.14,-20.92,-54.22,30.55,84.51,-1.21
312,-1374,67,-82,-37,3167,18.29,-75.37,3.65,-0.82,-0.37,31.67,-11.09,-21.20,-54.30,-5.62,80.78,3.08
383,-1374,51,-36,-15,3160,18.80,-76.21,3.60,-0.36,-0.15,31.60,-11.03,-21.48,-54.37,-15.53,79.37,4.38
576,-1373,-23,145,30,3005,20.43,-76.97,3.10,1.45,0.30,30.05,-10.97,-21.77,-54.45,-41.91,77.98,10.13
614,-1365,-41,193,24,2927,22.13,-77.60,2.54,1.93,0.24,29.27,-10.90,-22.06,-54.52,-44.52,75.75,11.07
655,-1341,-90,444,19,2722,23.91,-78.02,1.74,4.44,0.19,27.22,-10.81,-22.35,-54.58,-47.46,71.49,14.38
634,-1336,-95,507,24,2680,25.39,-78.36,0.98,5.07,0.24,26.80,-10.73,-22.64,-54.65,-41.52,70.26,14.01
511,-1274,-75,663,54,2438,25.97,-78.30,0.43,6.63,0.54,24.38,-10.63,-22.94,-54.70,-21.73,61.13,11.73
466,-1247,-67,690,54,2414,26.21,-78.08,-0.02,6.90,0.54,24.14,-10.53,-23.24,-54.76,-14.46,57.63,10.58
301,-1076,-57,739,12,2296,25.43,-76.83,-0.37,7.39,0.12,22.96,-10.44,-23.54,-54.81,9.15,34.10,9.37
259,-1024,-61,759,7,2268,24.47,-75.40,-0.70,7.59,0.07,22.68,-10.35,-23.83,-54.86,13.67,29.09,9.36
129,-806,-91,735,-72,2166,22.81,-72.77,-1.19,7.35,-0.72,21.66,-10.26,-24.10,-54.91,30.30,0.99,11.39
104,-743,-86,858,-181,2216,21.16,-70.03,-1.59,8.58,-1.81,22.16,-10.18,-24.37,-54.95,30.94,-3.24,10.54
6,-488,-115,807,-129,2189,19.08,-66.00,-2.14,8.07,-1.29,21.89,-10.10,-24.63,-54.98,41.89,-34.33,12.43
-17,-439,-116,815,-149,2217,17.07,-62.08,-2.63,8.15,-1.49,22.17,-10.04,-24.86,-55.01,41.55,-34.22,11.99
-109,-277,-109,839,-275,2255,14.70,-57.56,-3.03,8.39,-2.75,22.55,-9.98,-25.08,-55.04,51.05,-50.23,10.98
-138,-248,-98,853,-300,2263,12.39,-53.32,-3.33,8.53,-3.00,22.63,-9.93,-25.27,-55.06,51.06,-46.48,9.74
-242,-202,-42,902,-386,2248,9.67,-49.22,-3.25,9.02,-3.86,22.48,-9.90,-25.45,-55.09,61.76,-45.61,5.07
-266,-204,-22,924,-400,2241,7.08,-45.54,-3.06,9.24,-4.00,22.41,-9.89,-25.62,-55.11,60.50,-38.24,3.58
-335,-228,65,1021,-413,2112,4.33,-42.38,-2.36,10.21,-4.13,21.12,-9.90,-25.78,-55.14,65.82,-28.48,-3.04
-346,-234,93,1055,-429,2063,1.79,-39.57,-1.55,10.55,-4.29,20.63,-9.92,-25.95,-55.17,62.69,-22.13,-4.56
-374,-209,179,1137,-409,1932,-0.67,-36.89,-0.31,11.37,-4.09,19.32,-9.94,-26.11,-55.20,62.32,-20.76,-10.52
-379,-191,196,1147,-411,1880,-2.92,-34.36,0.92,11.47,-4.11,18.80,-9.97,-26.26,-55.23,58.85,-18.62,-10.66
-381,-56,223,1210,-411,1738,-4.95,-31.27,2.19,12.10,-4.11,17.38,-10.01,-26.40,-55.27,55.34,-33.26,-11.60
-378,-12,221,1214,-393,1719,-6.76,-28.21,3.32,12.14,-3.93,17.19,-10.06,-26.52,-55.31,51.48,-34.10,-10.23
-367,233,210,1261,-342,1672,-8.32,-23.97,4.27,12.61,-3.42,16.72,-10.12,-26.63,-55.35,46.88,-63.36,-8.29
-361,311,204,1225,-326,1678,-9.69,-19.68,5.08,12.25,-3.26,16.78,-10.17,-26.72,-55.39,43.41,-67.06,-6.92
-296,694,189,1051,-228,1816,-10.53,-13.48,5.73,10.51,-2.28,18.16,-10.22,-26.78,-55.42,31.94,-113.68,-4.96
-285,809,183,980,-219,1907,-11.22,-7.19,6.27,9.80,-2.19,19.07,-10.26,-26.81,-55.44,28.99,-119.30,-3.87
-374,1187,115,821,-189,2310,-12.38,0.77,6.35,8.21,-1.89,23.10,-10.31,-26.79,-55.46,40.40,-161.89,1.97
-430,1257,82,810,-172,2413,-13.76,8.36,6.21,8.10,-1.72,24.13,-10.36,-26.74,-55.48,46.35,-158.22,4.62
-457,1484,-72,625,-196,2460,-15.17,16.57,5.15,6.25,-1.96,24.60,-10.42,-26.65,-55.49,47.83,-177.33,16.55
-424,1498,-115,636,-240,2492,-16.24,24.05,3.93,6.36,-2.40,24.92,-10.48,-26.54,-55.48,40.81,-165.37,18.90
-335,1511,-308,478,-407,2848,-16.66,30.87,1.66,4.78,-4.07,28.48,-10.53,-26.40,-55.46,26.48,-154.54,32.85
-310,1515,-336,439,-430,2831,-16.89,37.02,-0.55,4.39,-4.30,28.31,-10.58,-26.24,-55.43,22.28,-143.60,32.87
-232,1541,-351,311,-611,2986,-16.61,42.72,-2.64,3.11,-6.11,29.86,-10.63,-26.06,-55.38,10.93,-136.90,31.93
-202,1567,-344,234,-665,2996,-16.18,48.01,-4.47,2.34,-6.65,29.96,-10.67,-25.85,-55.32,7.20,-130.98,29.39
-75,1691,-288,-98,-836,3230,-15.02,53.52,-5.78,-0.98,-8.36,32.30,-10.70,-25.63,-55.26,-9.95,-139.59,23.25
-46,1738,-267,-140,-855,3284,-13.80,58.77,-6.83,-1.40,-8.55,32.84,-10.73,-25.39,-55.18,-12.04,-136.98,20.35
31,1881,-143,-198,-853,3471,-12.23,64.37,-7.02,-1.98,-8.53,34.71,-10.74,-25.12,-55.10,-20.80,-148.36,9.64
49,1893,-105,-205,-857,3512,-10.71,69.48,-6.96,-2.05,-8.57,35.12,-10.75,-24.84,-55.01,-20.66,-140.70,6.48
84,1835,30,-253,-877,3699,-9.13,73.72,-6.08,-2.53,-8.77,36.99,-10.75,-24.54,-54.92,-23.00,-124.01,-4.04
86,1799,62,-270,-872,3737,-7.69,77.33,-5.10,-2.70,-8.72,37.37,-10.75,-24.22,-54.84,-20.58,-111.91,-5.71
70,1636,212,-513,-817,3937,-6.49,79.57,-3.29,-5.13,-8.17,39.37,-10.74,-23.89,-54.76,-15.88,-83.01,-16.52
64,1614,248,-610,-801,4013,-5.45,81.46,-1.45,-6.10,-8.01,40.13,-10.74,-23.56,-54.69,-13.00,-76.30,-17.63
10,1592,391,-831,-601,4253,-4.85,83.03,1.08,-8.31,-6.01,42.53,-10.73,-23.21,-54.62,-3.62,-70.21,-27.07
-8,1588,428,-842,-556,4276,-4.41,84.41,3.58,-8.42,-5.56,42.76,-10.73,-22.86,-54.57,-0.06,-67.21,-27.56
-76,1472,476,-823,-439,4288,-4.43,84.95,6.13,-8.23,-4.39,42.88,-10.72,-22.51,-54.53,10.27,-48.73,-28.93
-88,1412,462,-828,-431,4284,-4.53,85.07,8.33,-8.28,-4.31,42.84,-10.73,-22.15,-54.49,11.93,-39.60,-25.41
-113,1170,338,-860,-420,4324,-4.76,83.70,9.56,-8.60,-4.20,43.24,-10.73,-21.80,-54.46,15.29,-5.52,-13.61
-109,1114,305,-862,-388,4302,-4.95,82.12,10.47,-8.62,-3.88,43.02,-10.74,-21.45,-54.44,14.33,-0.19,-9.86
-5,977,207,-984,-384,4235,-4.49,79.87,10.68,-9.84,-3.84,42.35,-10.75,-21.11,-54.42,-0.64,16.21,-1.33
53,980,180,-1099,-406,4220,-3.72,77.86,10.71,-10.99,-4.06,42.20,-10.76,-20.78,-54.40,-8.02,11.73,0.99
324,1120,91,-1235,-460,4376,-1.37,76.91,10.20,-12.35,-4.60,43.76,-10.75,-20.45,-54.38,-44.90,-11.64,7.98
334,1119,80,-1078,-290,4374,0.81,76.04,9.66,-10.78,-2.90,43.74,-10.74,-20.13,-54.36,-42.32,-13.34,8.35
341,985,74,-1046,-596,4364,2.81,74.45,9.15,-10.46,-5.96,43.64,-10.72,-19.81,-54.34,-39.61,3.87,8.31
393,955,53,-1103,-633,4295,4.92,72.83,8.56,-11.03,-6.33,42.95,-10.69,-19.50,-54.32,-43.55,5.17,9.46
782,881,-5,-1100,-651,4316,9.20,70.92,7.67,-11.00,-6.51,43.16,-10.64,-19.20,-54.30,-94.80,12.64,13.43
871,847,-2,-1097,-605,4304,13.59,68.99,6.89,-10.97,-6.05,43.04,-10.58,-18.91,-54.27,-100.10,13.99,12.35
1209,822,110,-1204,-355,4461,19.61,67.11,6.87,-12.04,-3.55,44.61,-10.49,-18.62,-54.25,-140.31,14.04,2.84
1276,829,140,-1276,-263,4491,25.43,65.45,7.04,-12.76,-2.63,44.91,-10.38,-18.34,-54.22,-139.57,9.65,0.47
1441,800,124,-1427,-37,4550,31.68,63.79,7.09,-14.27,-0.37,45.50,-10.24,-18.07,-54.20,-152.99,10.74,1.88
1524,805,74,-1404,-222,4479,37.81,62.32,6.83,-14.04,-2.22,44.79,-10.08,-17.80,-54.18,-154.15,7.02,5.84
1798,890,-195,-1774,-131,4803,44.99,61.52,4.96,-17.74,-1.31,48.03,-9.89,-17.54,-54.16,-182.45,-7.63,26.65
1795,954,-256,-1900,-126,4853,51.44,61.19,2.90,-19.00,-1.26,48.53,-9.67,-17.28,-54.13,-169.92,-18.19,29.64
1702,1246,-320,-2196,53,5195,56.68,62.67,0.66,-21.96,0.53,51.95,-9.43,-17.02,-54.08,-145.98,-60.09,32.68
1622,1277,-290,-2182,74,5254,60.91,64.19,-1.17,-21.82,0.74,52.54,-9.17,-16.75,-54.03,-125.95,-62.11,28.19
1125,1242,-142,-2093,91,5668,61.68,65.35,-1.92,-20.93,0.91,56.68,-8.90,-16.47,-53.98,-48.87,-54.76,14.85
1280,1366,-106,-2171,122,5219,63.32,67.15,-2.38,-21.71,1.22,52.19,-8.63,-16.19,-53.93,-69.58,-70.45,11.32
1382,1002,-3,-1871,347,5510,65.42,66.54,-2.16,-18.71,3.47,55.10,-8.35,-15.91,-53.88,-81.35,-16.27,2.82
1316,835,7,-1896,407,5398,66.90,64.98,-1.90,-18.96,4.07,53.98,-8.06,-15.64,-53.83,-68.66,6.06,2.24
1163,376,-25,-2104,746,5220,67.31,60.78,-1.86,-21.04,7.46,52.20,-7.77,-15.39,-53.78,-44.75,67.93,4.99
1113,216,-13,-1950,734,5220,67.37,56.02,-1.75,-19.50,7.34,52.20,-7.48,-15.15,-53.74,-37.20,83.16,4.08
1088,-203,-111,-1686,730,4477,67.27,49.18,-2.26,-16.86,7.30,44.77,-7.20,-14.94,-53.71,-33.77,133.96,11.85
1126,-237,-135,-1659,727,4363,67.41,42.81,-2.85,-16.59,7.27,43.63,-6.91,-14.75,-53.67,-39.48,126.97,13.25
1232,-45,-135,-1656,739,3987,68.18,38.26,-3.39,-16.56,7.39,39.87,-6.62,-14.59,-53.64,-54.37,88.95,12.67
1147,8,-110,-1627,741,3924,68.36,34.48,-3.72,-16.27,7.41,39.24,-6.33,-14.44,-53.60,-41.26,73.62,10.20
531,193,49,-1466,780,3596,64.76,32.21,-3.05,-14.66,7.80,35.96,-6.06,-14.29,-53.58,45.69,41.01,-2.56
361,256,102,-1455,817,3521,60.49,30.55,-2.13,-14.55,8.17,35.21,-5.80,-14.16,-53.55,63.35,28.17,-6.07
48,649,281,-1577,871,3258,54.73,31.45,-0.20,-15.77,8.71,32.58,-5.57,-14.02,-53.54,100.02,-30.15,-19.20
21,753,306,-1650,874,3380,49.39,32.90,1.69,-16.50,8.74,33.80,-5.37,-13.87,-53.53,93.88,-43.36,-19.32
-288,1049,294,-2004,908,4083,42.69,36.01,3.31,-20.04,9.08,40.83,-5.19,-13.71,-53.53,128.20,-82.72,-16.58
-364,1100,275,-2095,921,4165,36.20,39.12,4.66,-20.95,9.21,41.65,-5.04,-13.54,-53.53,127.40,-84.72,-13.55
-634,858,198,-2021,743,4550,28.72,40.44,5.40,-20.21,7.43,45.50,-4.92,-13.36,-53.54,154.32,-45.43,-6.24
-682,717,183,-1990,710,4542,21.68,40.77,5.98,-19.90,7.10,45.42,-4.83,-13.17,-53.54,148.26,-23.43,-4.36
-689,21,189,-1846,556,4488,15.31,36.82,6.53,-18.46,5.56,44.88,-4.76,-13.01,-53.56,137.22,75.12,-4.28
-648,-176,208,-1815,536,4391,9.83,32.07,7.15,-18.15,5.36,43.91,-4.72,-12.86,-53.57,120.55,96.06,-5.23
-275,-747,324,-1725,450,3866,7.17,24.30,8.41,-17.25,4.50,38.66,-4.69,-12.74,-53.60,58.61,168.36,-13.72
-119,-837,346,-1717,433,3676,5.73,16.77,9.68,-17.17,4.33,36.76,-4.67,-12.66,-53.63,32.08,167.75,-14.24
482,-914,371,-1756,500,3236,8.09,9.51,10.97,-17.56,5.00,32.36,-4.65,-12.60,-53.67,-55.11,165.72,-14.98
565,-893,367,-1741,532,3209,10.73,3.12,12.12,-17.41,5.32,32.09,-4.61,-12.57,-53.72,-62.80,150.38,-13.43
310,-821,299,-1830,419,3078,11.55,-2.20,12.73,-18.30,4.19,30.78,-4.57,-12.55,-53.77,-22.39,129.31,-7.02
299,-729,271,-1810,424,3018,12.22,-6.43,13.11,-18.10,4.24,30.18,-4.53,-12.56,-53.83,-19.47,107.28,-4.24
431,-352,141,-1419,388,2736,13.62,-7.93,12.66,-14.19,3.88,27.36,-4.48,-12.57,-53.88,-36.97,46.95,6.31
446,-304,90,-1399,305,2703,14.98,-9.00,11.94,-13.99,3.05,27.03,-4.42,-12.58,-53.93,-36.72,37.63,9.87
660,-170,-128,-1368,97,2678,17.51,-9.13,9.97,-13.68,0.97,26.78,-4.36,-12.60,-53.97,-64.61,16.94,26.25
724,-143,-172,-1359,58,2732,20.18,-9.09,7.92,-13.59,0.58,27.32,-4.29,-12.62,-54.01,-69.37,12.91,27.82
998,12,-196,-1456,65,2871,24.25,-8.11,5.93,-14.56,0.65,28.71,-4.19,-12.63,-54.03,-103.51,-8.85,27.75
1086,53,-159,-1470,108,2868,28.45,-6.98,4.37,-14.70,1.08,28.68,-4.08,-12.64,-54.05,-109.05,-12.95,22.96
1337,120,54,-1464,322,3028,33.76,-5.55,4.26,-14.64,3.22,30.28,-3.94,-12.64,-54.07,-137.35,-20.46,4.80
1384,107,106,-1473,387,3065,38.82,-4.34,4.48,-14.73,3.87,30.65,-3.79,-12.64,-54.09,-135.03,-16.19,0.63
1490,41,267,-1612,841,3166,44.03,-3.65,5.66,-16.12,8.41,31.66,-3.61,-12.64,-54.11,-141.45,-4.83,-11.75
1504,30,301,-1651,997,3191,48.80,-3.11,6.93,-16.51,9.97,31.91,-3.41,-12.63,-54.14,-134.68,-2.12,-13.29
1544,15,380,-1778,1428,3209,53.34,-2.70,8.56,-17.78,14.28,32.09,-3.20,-12.63,-54.17,-132.32,0.92,-18.26
1519,-7,366,-1797,1565,3220,57.27,-2.48,9.93,-17.97,15.65,32.20,-2.97,-12.62,-54.21,-121.22,4.71,-15.61
1566,-9,212,-1856,1796,3124,61.10,-2.28,10.23,-18.56,17.96,31.24,-2.72,-12.61,-54.25,-121.30,5.37,-2.24
1553,-25,159,-1829,1885,3127,64.46,-2.21,10.18,-18.29,18.85,31.27,-2.46,-12.60,-54.29,-113.12,7.95,2.20
1298,-118,-11,-1878,2066,3116,65.93,-2.71,9.10,-18.78,20.66,31.16,-2.19,-12.60,-54.33,-71.62,21.19,15.45
1211,-134,-47,-1927,2082,3105,66.73,-3.25,7.90,-19.27,20.82,31.05,-1.92,-12.60,-54.36,-57.03,22.59,17.24
795,-163,-131,-2011,2129,3155,64.90,-3.92,6.31,-20.11,21.29,31.55,-1.65,-12.60,-54.38,2.78,25.74,22.67
677,-162,-136,-2029,2144,3139,62.54,-4.52,4.85,-20.29,21.44,31.39,-1.40,-12.60,-54.40,16.13,24.47,21.55
183,-207,-99,-2014,2199,3196,57.40,-5.33,3.76,-20.14,21.99,31.96,-1.16,-12.61,-54.41,81.58,29.80,17.27
43,-224,-74,-2016,2242,3189,51.93,-6.16,2.93,-20.16,22.42,31.89,-0.94,-12.62,-54.42,92.41,30.82,14.27
-604,-374,48,-1960,2285,3228,43.05,-7.83,2.93,-19.60,22.85,32.28,-0.76,-12.64,-54.43,174.15,50.55,3.94
-757,-419,69,-1912,2289,3208,34.13,-9.60,3.06,-19.12,22.89,32.08,-0.61,-12.66,-54.44,180.48,54.07,2.29
-1309,-582,87,-1912,2127,3214,22.73,-12.19,3.28,-19.12,21.27,32.14,-0.51,-12.70,-54.45,243.01,74.05,1.01
-1445,-612,79,-1939,2085,3235,11.64,-14.71,3.44,-19.39,20.85,32.35,-0.46,-12.74,-54.46,242.71,73.89,1.85
-1935,-687,80,-1947,1944,3289,-1.33,-17.43,3.58,-19.47,19.44,32.89,-0.46,-12.80,-54.48,292.88,80.21,1.92
-2061,-710,84,-1926,1876,3297,-13.77,-20.01,3.74,-19.26,18.76,32.97,-0.50,-12.86,-54.49,288.56,78.86,1.74
-2553,-821,67,-1786,1479,3336,-27.96,-23.02,3.77,-17.86,14.79,33.36,-0.61,-12.94,-54.51,336.77,90.14,3.22
-2685,-853,55,-1738,1358,3328,-41.54,-25.92,3.73,-17.38,13.58,33.28,-0.77,-13.03,-54.52,331.29,89.59,4.20
-3156,-992,36,-1495,918,3252,-56.64,-29.38,3.58,-14.95,9.18,32.52,-0.99,-13.13,-54.53,374.67,104.30,5.65
-3265,-1027,42,-1431,807,3223,-70.89,-32.71,3.48,-14.31,8.07,32.23,-1.27,-13.24,-54.55,364.48,103.41,5.03
-3685,-1079,137,-1364,304,3266,-86.28,-36.02,3.96,-13.64,3.04,32.66,-1.62,-13.37,-54.57,399.61,105.15,-2.50
-3777,-1052,167,-1432,164,3317,-100.69,-38.83,4.59,-14.32,1.64,33.17,-2.03,-13.51,-54.59,386.61,95.79,-4.38
-4157,-806,292,-1466,-320,3693,-115.98,-39.87,5.91,-14.66,-3.20,36.93,-2.50,-13.65,-54.62,415.92,56.41,-13.57
-4265,-741,334,-1495,-341,3691,-130.40,-40.40,7.35,-14.95,-3.41,36.91,-3.03,-13.79,-54.66,405.43,45.59,-15.59
-4617,-684,636,-1218,-413,3723,-145.52,-40.53,10.50,-12.18,-4.13,37.23,-3.63,-13.93,-54.72,430.86,36.74,-37.84
-4920,-865,1017,-855,-471,3620,-160.98,-41.76,15.65,-8.55,-4.71,36.20,-4.29,-14.08,-54.79,448.23,62.12,-64.66
-4983,-920,1113,-838,-541,3654,-175.28,-43.19,20.88,-8.38,-5.41,36.54,-5.02,-14.22,-54.89,431.24,67.88,-67.25
-5142,-1007,1351,-1010,-801,3743,-189.12,-45.02,27.03,-10.10,-8.01,37.43,-5.81,-14.38,-55.02,429.80,77.80,-80.89
-5130,-984,1380,-1051,-877,3764,-201.50,-46.52,32.75,-10.51,-8.77,37.64,-6.66,-14.53,-55.18,405.08,71.55,-77.28
-4784,-784,1362,-1128,-1144,3677,-210.53,-46.65,37.78,-11.28,-11.44,36.77,-7.56,-14.68,-55.36,335.80,40.90,-70.41
-4521,-676,1307,-1034,-1190,3680,-217.06,-46.11,41.97,-10.34,-11.90,36.80,-8.48,-14.82,-55.56,283.94,25.55,-61.29
-4399,-745,1159,-799,-1201,3775,-222.19,-46.04,44.85,-7.99,-12.01,37.75,-9.43,-14.96,-55.77,256.25,36.28,-45.69
-4047,-785,887,-853,-1495,3610,-224.65,-46.22,45.77,-8.53,-14.95,36.10,-10.39,-15.09,-56.00,198.53,42.12,-21.64
-3855,-780,787,-900,-1561,3428,-225.70,-46.36,46.00,-9.00,-15.61,34.28,-11.36,-15.22,-56.22,167.90,41.19,-12.91
-3248,-759,437,-852,-1936,3601,-222.95,-46.35,44.06,-8.52,-19.36,36.01,-12.32,-15.35,-56.44,81.19,38.09,14.71
-2502,-802,67,-754,-2013,3452,-215.91,-46.61,40.06,-7.54,-20.13,34.52,-13.25,-15.49,-56.65,-18.64,44.24,41.85
-2323,-824,-16,-725,-2053,3468,-208.49,-46.98,35.96,-7.25,-20.53,34.68,-14.15,-15.62,-56.84,-31.29,47.00,44.55
-1772,-963,-253,-621,-2316,3346,-198.45,-48.15,30.82,-6.21,-23.16,33.46,-15.00,-15.76,-57.02,-95.74,66.06,59.20
-1640,-1000,-285,-521,-2414,3347,-188.61,-49.44,26.00,-5.21,-24.14,33.47,-15.81,-15.91,-57.18,-96.69,69.37,56.82
-1220,-1125,-465,-466,-2403,3139,-177.19,-51.36,20.56,-4.66,-24.03,31.39,-16.57,-16.07,-57.33,-138.61,84.90,66.33
-1056,-1135,-516,-447,-2509,3055,-165.91,-53.14,15.36,-4.47,-25.09,30.55,-17.29,-16.24,-57.46,-141.79,83.15,65.15
-731,-1063,-631,-453,-2737,2825,-153.78,-54.31,9.97,-4.53,-27.37,28.25,-17.95,-16.43,-57.57,-167.94,70.08,69.20
-478,-963,-773,-396,-2911,2832,-141.32,-54.76,4.26,-3.96,-29.11,28.32,-18.55,-16.62,-57.66,-182.52,54.12,75.19
-479,-937,-818,-409,-2884,2818,-130.11,-55.00,-1.15,-4.09,-28.84,28.18,-19.11,-16.82,-57.74,-160.77,49.83,73.28
-561,-875,-938,-366,-2816,2704,-120.52,-54.83,-6.76,-3.66,-28.16,27.04,-19.62,-17.02,-57.79,-129.76,40.82,77.51
-749,-856,-860,-244,-2779,2616,-113.04,-54.57,-11.33,-2.44,-27.79,26.16,-20.10,-17.23,-57.83,-86.61,38.55,66.07
-782,-847,-854,-240,-2843,2487,-106.50,-54.28,-15.41,-2.40,-28.43,24.87,-20.55,-17.45,-57.85,-68.90,37.87,61.25
-848,-817,-905,-212,-3152,2449,-101.03,-53.84,-19.39,-2.12,-31.52,24.49,-20.97,-17.67,-57.86,-48.19,34.28,61.35
-770,-751,-925,-251,-3409,2358,-95.62,-53.04,-23.09,-2.51,-34.09,23.58,-21.36,-17.89,-57.85,-49.58,25.89,59.12
-730,-730,-929,-242,-3445,2367,-90.51,-52.18,-26.45,-2.42,-34.45,23.67,-21.74,-18.11,-57.84,-45.76,24.44,55.91
-475,-607,-902,-261,-3510,2328,-84.36,-50.67,-29.31,-2.61,-35.10,23.28,-22.08,-18.34,-57.81,-72.77,8.70,50.59
-409,-574,-887,-273,-3524,2341,-78.42,-49.10,-31.79,-2.73,-35.24,23.41,-22.39,-18.56,-57.77,-71.37,6.78,46.69
-168,-437,-829,-304,-3599,2407,-71.60,-46.86,-33.66,-3.04,-35.99,24.07,-22.68,-18.77,-57.72,-95.02,-9.72,39.78
-110,-399,-816,-328,-3611,2430,-65.11,-44.61,-35.28,-3.28,-36.11,24.30,-22.94,-18.98,-57.66,-91.41,-11.11,36.97
78,-264,-763,-321,-3599,2563,-58.12,-41.76,-36.40,-3.21,-35.99,25.63,-23.16,-19.18,-57.59,-106.70,-26.17,31.28
224,-220,-702,-310,-3640,2601,-50.95,-38.92,-37.04,-3.10,-36.40,26.01,-23.35,-19.38,-57.52,-115.24,-27.38,25.43
254,-218,-684,-333,-3646,2642,-44.30,-36.36,-37.51,-3.33,-36.46,26.42,-23.52,-19.56,-57.44,-107.12,-22.71,23.40
350,-222,-604,-413,-3670,2733,-37.74,-34.08,-37.45,-4.13,-36.70,27.33,-23.66,-19.73,-57.35,-109.24,-17.67,16.68
424,-277,-496,-375,-3619,2773,-31.38,-32.36,-36.73,-3.75,-36.19,27.73,-23.77,-19.90,-57.27,-108.40,-5.92,8.29
437,-297,-459,-372,-3596,2790,-25.57,-30.94,-35.85,-3.72,-35.96,27.90,-23.85,-20.06,-57.19,-99.33,-0.06,6.07
425,-389,-298,-448,-3569,2839,-20.42,-30.22,-34.09,-4.48,-35.69,28.39,-23.92,-20.21,-57.11,-87.70,15.43,-5.71
410,-412,-275,-461,-3571,2845,-15.88,-29.71,-32.35,-4.61,-35.71,28.45,-23.98,-20.36,-57.05,-76.78,20.00,-5.83
328,-514,-225,-422,-3527,2812,-12.29,-29.87,-30.49,-4.22,-35.27,28.12,-24.02,-20.51,-56.98,-57.45,35.34,-8.10
309,-543,-214,-396,-3517,2795,-9.18,-30.20,-28.75,-3.96,-35.17,27.95,-24.05,-20.65,-56.93,-48.63,39.25,-7.19
303,-650,-178,-306,-3476,2677,-6.41,-31.14,-26.96,-3.06,-34.76,26.77,-24.07,-20.80,-56.88,-42.46,53.87,-8.35
465,-719,-164,-206,-3409,2533,-2.93,-32.41,-25.26,-2.06,-34.09,25.33,-24.08,-20.95,-56.85,-60.57,62.08,-7.74
529,-724,-155,-174,-3377,2489,0.59,-33.59,-23.68,-1.74,-33.77,24.89,-24.08,-21.10,-56.82,-63.67,60.72,-6.83
831,-697,-137,-97,-3349,2363,5.60,-34.48,-22.15,-0.97,-33.49,23.63,-24.07,-21.25,-56.80,-100.24,55.01,-6.74
909,-676,-138,-84,-3334,2359,10.58,-35.16,-20.78,-0.84,-33.34,23.59,-24.04,-21.40,-56.78,-102.72,50.63,-5.20
1158,-551,-128,-84,-3247,2338,16.59,-35.00,-19.48,-0.84,-32.47,23.38,-23.98,-21.55,-56.77,-129.35,31.96,-4.67
1246,-479,-119,-105,-3236,2383,22.53,-34.42,-18.26,-1.05,-32.36,23.83,-23.90,-21.70,-56.77,-131.57,22.17,-4.14
1364,-343,-101,-113,-3166,2462,28.60,-33.07,-17.05,-1.13,-31.66,24.62,-23.80,-21.84,-56.77,-138.14,4.08,-4.39
1384,-318,-94,-108,-3140,2499,34.18,-31.71,-15.92,-1.08,-31.40,24.99,-23.68,-21.97,-56.76,-130.70,2.94,-3.78
1424,-279,-63,-7,-3058,2592,39.45,-30.24,-14.71,-0.07,-30.58,25.92,-23.53,-22.09,-56.76,-126.91,-0.14,-5.13
1477,-330,-17,47,-2975,2628,44.51,-29.23,-13.34,0.47,-29.75,26.28,-23.37,-22.21,-56.77,-125.51,9.63,-7.58
1494,-346,-2,69,-2963,2621,49.18,-28.41,-12.02,0.69,-29.63,26.21,-23.19,-22.32,-56.77,-119.39,13.68,-7.45
1577,-365,67,79,-2914,2595,53.88,-27.80,-10.41,0.79,-29.14,25.95,-22.99,-22.43,-56.79,-123.28,17.81,-11.59
1601,-361,89,81,-2905,2575,58.26,-27.22,-8.83,0.81,-29.05,25.75,-22.78,-22.53,-56.80,-118.78,18.36,-11.77
1683,-257,215,83,-2813,2586,62.70,-26.07,-6.63,0.83,-28.13,25.86,-22.55,-22.62,-56.82,-123.03,4.75,-20.12
1690,-214,262,73,-2801,2587,66.74,-24.77,-4.37,0.73,-28.01,25.87,-22.31,-22.71,-56.85,-116.61,0.72,-21.71
1677,-30,467,0,-2708,2659,70.29,-22.47,-1.08,0.00,-27.08,26.59,-22.05,-22.78,-56.89,-108.06,-22.95,-35.59
1663,13,514,-25,-2679,2703,73.41,-20.15,2.16,-0.25,-26.79,27.03,-21.79,-22.84,-56.94,-100.19,-25.06,-36.14
1588,129,665,-66,-2570,2811,75.75,-17.34,6.00,-0.66,-25.70,28.11,-21.52,-22.89,-57.00,-84.49,-37.42,-44.86
1567,150,695,-75,-2528,2844,77.74,-14.70,9.64,-0.75,-25.28,28.44,-21.25,-22.91,-57.06,-77.71,-35.59,-43.54
1495,210,800,-112,-2359,2971,79.08,-11.94,13.56,-1.12,-23.59,29.71,-20.97,-22.92,-57.14,-64.37,-39.52,-48.28
1486,229,831,-133,-2315,3035,80.24,-9.35,17.27,-1.33,-23.15,30.35,-20.69,-22.92,-57.23,-60.99,-37.51,-46.97
1503,295,920,-235,-2111,3237,81.38,-6.62,21.15,-2.35,-21.11,32.37,-20.41,-22.90,-57.33,-61.60,-42.41,-50.38
1517,319,945,-232,-2046,3288,82.50,-4.01,24.80,-2.32,-20.46,32.88,-20.13,-22.86,-57.44,-61.80,-41.15,-48.63
1592,378,1039,-183,-1823,3401,83.96,-1.30,28.66,-1.83,-18.23,34.01,-19.85,-22.81,-57.56,-70.66,-45.06,-52.50
1613,373,1060,-152,-1736,3408,85.40,1.10,32.26,-1.52,-17.36,34.08,-19.56,-22.75,-57.69,-71.32,-39.78,-50.45
1663,307,1181,-40,-1271,3545,87.01,2.86,36.24,-0.40,-12.71,35.45,-19.27,-22.67,-57.84,-76.10,-26.43,-56.48
1660,287,1201,-43,-1204,3551,88.43,4.33,39.94,-0.43,-12.04,35.51,-18.98,-22.58,-58.00,-73.13,-20.66,-54.24
1640,212,1190,-151,-972,3589,89.59,5.19,43.21,-1.51,-9.72,35.89,-18.68,-22.49,-58.16,-68.08,-7.66,-49.83
1625,198,1169,-152,-909,3613,90.55,5.88,46.02,-1.52,-9.09,36.13,-18.38,-22.39,-58.34,-64.18,-4.28,-45.06
1546,156,1034,-125,-780,3567,90.92,6.24,47.72,-1.25,-7.80,35.67,-18.09,-22.30,-58.53,-51.62,2.75,-31.80
1523,139,983,-138,-784,3555,91.12,6.47,48.95,-1.38,-7.84,35.55,-17.79,-22.19,-58.72,-47.93,5.70,-26.17
1445,128,745,-310,-863,3703,90.82,6.60,48.60,-3.10,-8.63,37.03,-17.50,-22.09,-58.91,-36.80,7.56,-6.36
1425,133,675,-317,-861,3695,90.43,6.75,47.85,-3.17,-8.61,36.95,-17.20,-21.99,-59.10,-34.68,7.02,-1.20
1391,105,493,-215,-681,3704,89.87,6.72,46.08,-2.15,-6.81,37.04,-16.91,-21.90,-59.28,-30.75,11.16,12.36
1384,86,465,-183,-628,3714,89.33,6.57,44.30,-1.83,-6.28,37.14,-16.61,-21.81,-59.45,-30.91,13.72,12.87
1392,3,406,-167,-539,3739,88.89,5.93,42.35,-1.67,-5.39,37.39,-16.31,-21.72,-59.62,-33.16,25.11,15.81
1401,-13,393,-187,-544,3732,88.55,5.26,40.51,-1.87,-5.44,37.32,-16.01,-21.64,-59.78,-35.38,26.22,14.98
1447,-2,356,-361,-485,3868,88.52,4.72,38.63,-3.61,-4.85,38.68,-15.71,-21.56,-59.93,-42.65,23.48,16.14
1449,16,362,-383,-441,3898,88.50,4.35,36.98,-3.83,-4.41,38.98,-15.40,-21.49,-60.07,-43.18,19.97,13.89
1410,69,443,-329,-303,3920,88.26,4.33,35.98,-3.29,-3.03,39.20,-15.09,-21.42,-60.22,-37.91,11.82,5.99
1383,68,473,-315,-287,3916,87.87,4.31,35.27,-3.15,-2.87,39.16,-14.79,-21.35,-60.36,-34.73,11.89,2.71
1260,13,562,-275,-95,3867,86.77,3.96,35.17,-2.75,-0.95,38.67,-14.48,-21.29,-60.49,-18.26,19.57,-4.93
1222,-7,584,-280,2,3881,85.54,3.52,35.22,-2.80,0.02,38.81,-14.18,-21.22,-60.63,-14.98,21.75,-6.73
1046,-20,635,-442,239,3909,83.37,3.05,35.57,-4.42,2.39,39.09,-13.89,-21.16,-60.77,7.56,22.79,-10.67
990,-9,636,-470,225,3924,81.07,2.69,35.89,-4.70,2.25,39.24,-13.61,-21.10,-60.92,11.56,20.39,-10.40
754,-15,479,-393,-39,3831,77.56,2.33,35.22,-3.93,-0.39,38.31,-13.34,-21.05,-61.06,40.73,20.59,2.21
700,-36,413,-364,-24,3802,74.08,1.88,34.22,-3.64,-0.24,38.02,-13.09,-20.99,-61.20,42.19,22.90,6.75
511,-127,197,-327,92,3731,69.79,0.91,32.00,-3.27,0.92,37.31,-12.85,-20.95,-61.33,62.73,34.92,22.71
468,-141,155,-319,102,3730,65.66,-0.04,29.75,-3.19,1.02,37.30,-12.62,-20.91,-61.45,61.33,35.23,23.90
341,-139,78,-225,186,3645,61.18,-0.88,27.25,-2.25,1.86,36.45,-12.41,-20.87,-61.56,72.06,33.30,27.78
316,-134,82,-193,208,3620,56.99,-1.61,25.02,-1.93,2.08,36.20,-12.21,-20.84,-61.66,67.80,31.14,25.10
230,-116,84,-197,126,3595,52.69,-2.16,23.03,-1.97,1.26,35.95,-12.02,-20.82,-61.76,72.66,27.34,22.83
207,-108,71,-211,101,3612,48.68,-2.60,21.16,-2.11,1.01,36.12,-11.85,-20.80,-61.84,68.46,25.27,21.96
85,-92,18,-155,63,3565,44.33,-2.90,19.16,-1.55,0.63,35.65,-11.69,-20.78,-61.92,78.73,22.25,24.33
41,-96,14,-109,56,3544,40.15,-3.20,17.33,-1.09,0.56,35.44,-11.55,-20.76,-62.00,77.42,22.29,22.74
-54,-115,20,-24,23,3474,35.81,-3.58,15.72,-0.24,0.23,34.74,-11.42,-20.75,-62.06,83.59,24.45,20.53
-323,-139,67,13,-79,3393,30.26,-4.07,14.55,0.13,-0.79,33.93,-11.32,-20.74,-62.12,114.03,27.18,15.32
-414,-126,83,3,-85,3394,24.70,-4.43,13.60,0.03,-0.85,33.94,-11.23,-20.73,-62.18,117.34,24.50,12.97
-791,-23,169,14,-87,3318,17.41,-4.13,13.27,0.14,-0.87,33.18,-11.17,-20.72,-62.24,160.98,9.36,5.34
-894,8,189,9,-116,3314,10.21,-3.67,13.10,0.09,-1.16,33.14,-11.15,-20.71,-62.29,163.04,5.50,3.46
-1224,155,201,1,-177,3399,1.73,-2.35,13.02,0.01,-1.77,33.99,-11.15,-20.69,-62.35,197.29,-14.44,2.36
-1290,188,195,14,-182,3390,-6.31,-0.97,12.90,0.14,-1.82,33.90,-11.19,-20.67,-62.40,192.15,-16.87,2.76
-1398,267,112,19,-311,3468,-14.21,0.75,12.30,0.19,-3.11,34.68,-11.26,-20.64,-62.45,193.71,-25.67,9.15
-1399,276,74,41,-340,3472,-21.32,2.36,11.52,0.41,-3.40,34.72,-11.36,-20.61,-62.49,180.46,-24.02,11.55
-1312,354,-42,2,-354,3593,-27.19,4.29,10.11,0.02,-3.54,35.93,-11.47,-20.57,-62.53,156.15,-32.30,19.89
-1260,398,-80,-47,-388,3646,-32.16,6.28,8.61,-0.47,-3.88,36.46,-11.61,-20.52,-62.56,138.90,-35.25,21.53
-1122,481,-173,-142,-496,3785,-35.79,8.59,6.69,-1.42,-4.96,37.85,-11.76,-20.46,-62.58,111.08,-43.58,27.38
-1089,486,-206,-140,-526,3809,-38.85,10.70,4.77,-1.40,-5.26,38.09,-11.91,-20.40,-62.59,100.35,-40.39,28.14
-1004,435,-319,-151,-566,3918,-41.09,12.28,2.35,-1.51,-5.66,39.18,-12.07,-20.33,-62.59,83.25,-29.66,35.14
-993,406,-346,-149,-587,3918,-43.04,13.53,0.00,-1.49,-5.87,39.18,-12.24,-20.26,-62.57,77.99,-22.92,34.95
-973,254,-442,-178,-721,3924,-44.67,13.72,-2.70,-1.78,-7.21,39.24,-12.41,-20.19,-62.55,71.96,0.59,40.22
-970,207,-474,-183,-788,3876,-46.12,13.62,-5.32,-1.83,-7.88,38.76,-12.58,-20.13,-62.51,68.87,7.50,40.15
-937,115,-609,-176,-974,3871,-47.23,12.96,-8.50,-1.76,-9.74,38.71,-12.75,-20.07,-62.47,61.87,20.24,48.22
-922,106,-627,-137,-982,3774,-48.13,12.31,-11.48,-1.37,-9.82,37.74,-12.93,-20.01,-62.41,57.98,20.35,46.59
-802,141,-654,-256,-1216,3745,-48.21,11.94,-14.32,-2.56,-12.16,37.45,-13.10,-19.96,-62.34,39.65,14.28,45.86
-742,201,-681,-291,-1312,3705,-47.91,11.97,-17.04,-2.91,-13.12,37.05,-13.27,-19.91,-62.26,31.17,5.16,45.26
-634,320,-732,-296,-1512,3607,-46.99,12.72,-19.80,-2.96,-15.12,36.07,-13.43,-19.87,-62.17,16.55,-11.59,46.64
-590,355,-737,-331,-1565,3620,-45.89,13.62,-22.32,-3.31,-15.65,36.20,-13.59,-19.82,-62.06,12.03,-15.27,44.40
-473,505,-712,-416,-1698,3789,-44.18,15.34,-24.43,-4.16,-16.98,37.89,-13.73,-19.76,-61.95,-2.49,-34.92,40.03
-453,540,-691,-429,-1705,3818,-42.53,17.10,-26.20,-4.29,-17.05,38.18,-13.87,-19.71,-61.83,-2.32,-36.96,36.36
-384,610,-559,-428,-1693,4019,-40.62,19.11,-26.99,-4.28,-16.93,40.19,-13.99,-19.64,-61.70,-9.14,-43.87,24.33
-313,566,-400,-402,-1573,4136,-38.47,20.65,-26.73,-4.02,-15.73,41.36,-14.11,-19.57,-61.57,-15.81,-34.29,11.12
-293,532,-354,-443,-1547,4150,-36.41,21.83,-26.22,-4.43,-15.47,41.50,-14.21,-19.49,-61.44,-14.89,-26.92,7.76
-193,379,-222,-507,-1479,4210,-33.94,21.96,-24.95,-5.07,-14.79,42.10,-14.31,-19.42,-61.31,-25.41,-3.39,-2.09
-169,339,-203,-504,-1467,4202,-31.58,21.83,-23.69,-5.04,-14.67,42.02,-14.40,-19.34,-61.19,-24.54,2.41,-2.38
-83,208,-144,-447,-1385,4120,-28.93,20.92,-22.20,-4.47,-13.85,41.20,-14.48,-19.26,-61.08,-32.58,20.61,-5.81
-67,194,-133,-433,-1378,4087,-26.44,20.01,-20.79,-4.33,-13.78,40.87,-14.56,-19.19,-60.98,-30.26,20.97,-5.26
-9,205,-105,-551,-1347,4059,-23.85,19.26,-19.35,-5.51,-13.47,40.59,-14.62,-19.12,-60.88,-34.16,17.83,-6.12
5,229,-105,-576,-1340,4055,-21.44,18.73,-18.06,-5.76,-13.40,40.55,-14.68,-19.04,-60.78,-31.68,13.12,-4.76
49,326,-155,-693,-1368,4061,-19.00,18.84,-17.20,-6.93,-13.68,40.61,-14.73,-18.97,-60.69,-33.73,-1.50,0.38
56,350,-177,-708,-1377,4081,-16.75,19.10,-16.56,-7.08,-13.77,40.81,-14.77,-18.90,-60.61,-30.53,-4.74,2.92
54,384,-227,-659,-1382,4066,-14.75,19.53,-16.29,-6.59,-13.82,40.66,-14.80,-18.82,-60.52,-26.40,-9.15,7.43
51,379,-232,-638,-1404,4077,-12.96,19.89,-16.07,-6.38,-14.04,40.77,-14.83,-18.74,-60.43,-22.54,-7.76,8.07
49,370,-195,-693,-1405,4060,-11.37,20.16,-15.66,-6.93,-14.05,40.60,-14.85,-18.66,-60.35,-19.20,-5.93,5.37
44,370,-170,-683,-1399,4048,-9.96,20.40,-15.13,-6.83,-13.99,40.48,-14.87,-18.58,-60.27,-15.77,-5.53,3.81
28,422,-77,-655,-1466,3997,-8.80,20.93,-14.08,-6.55,-14.66,39.97,-14.88,-18.50,-60.19,-11.11,-12.50,-2.97
19,435,-61,-621,-1472,3951,-7.80,21.49,-13.05,-6.21,-14.72,39.51,-14.89,-18.41,-60.11,-7.84,-13.48,-3.24
14,468,19,-508,-1395,3799,-6.94,22.20,-11.63,-5.08,-13.95,37.99,-14.90,-18.32,-60.04,-5.44,-17.24,-8.52
6,478,42,-502,-1376,3773,-6.21,22.89,-10.21,-5.02,-13.76,37.73,-14.91,-18.23,-59.98,-2.83,-17.51,-8.97
-7,574,103,-615,-1305,3660,-5.63,24.11,-8.56,-6.15,-13.05,36.60,-14.91,-18.12,-59.92,0.25,-29.92,-12.40
-15,600,113,-681,-1291,3653,-5.16,25.35,-7.01,-6.81,-12.91,36.53,-14.92,-18.02,-59.86,2.37,-31.59,-11.61
-117,821,149,-974,-1200,3709,-5.35,27.83,-5.40,-9.74,-12.00,37.09,-14.93,-17.90,-59.81,17.55,-60.69,-12.96
-172,892,137,-1037,-1224,3734,-5.87,30.49,-4.03,-10.37,-12.24,37.34,-14.94,-17.76,-59.76,24.97,-66.56,-10.49
-441,1115,9,-1154,-1346,3800,-7.97,34.24,-3.57,-11.54,-13.46,38.00,-14.96,-17.62,-59.71,62.03,-93.56,0.83
-738,1162,-124,-1116,-1433,3855,-11.68,37.90,-3.97,-11.16,-14.33,38.55,-14.99,-17.46,-59.66,100.32,-93.89,11.67
-841,1109,-159,-1081,-1482,3874,-15.64,40.88,-4.54,-10.81,-14.82,38.74,-15.04,-17.29,-59.59,108.56,-80.29,14.02
-685,765,-150,-1091,-2074,5346,-18.25,41.46,-5.00,-10.91,-20.74,53.46,-15.09,-17.12,-59.53,79.85,-26.85,12.77
341,139,-42,-861,-2234,7229,-14.35,38.16,-4.76,-8.61,-22.34,72.29,-15.13,-16.96,-59.47,-69.19,62.27,3.87
906,-910,-78,-1226,-1333,4111,-7.39,28.79,-4.76,-12.26,-13.33,41.11,-15.15,-16.83,-59.42,-142.16,204.42,6.92
1115,-346,-23,-1213,-1284,2941,0.15,23.80,-4.42,-12.13,-12.84,29.41,-15.14,-16.73,-59.38,-159.75,108.89,2.61
1250,-584,-48,-1140,-1776,3489,7.76,17.86,-4.27,-11.40,-17.76,34.89,-15.11,-16.65,-59.34,-165.95,133.87,4.88
1286,-637,-106,-976,-1544,4539,14.83,12.19,-4.49,-9.76,-15.44,45.39,-15.04,-16.59,-59.31,-158.10,131.17,9.56
1251,-776,-138,-990,-1277,3659,20.98,6.24,-4.89,-9.90,-12.77,36.59,-14.95,-16.55,-59.28,-141.17,141.07,11.85
1128,-539,-192,-947,-1262,3793,25.76,2.32,-5.57,-9.47,-12.62,37.93,-14.84,-16.53,-59.26,-113.43,97.51,15.70
1183,-551,-148,-926,-1181,3840,30.40,-1.27,-5.91,-9.26,-11.81,38.40,-14.72,-16.52,-59.24,-113.11,92.53,11.61
1400,-513,-37,-654,-1138,3379,35.90,-4.27,-5.55,-6.54,-11.38,33.79,-14.57,-16.53,-59.22,-135.88,81.05,2.59
1460,-529,-20,-654,-1111,3437,41.22,-7.07,-5.12,-6.54,-11.11,34.37,-14.40,-16.54,-59.21,-135.08,78.20,1.61
1761,-549,-2,-578,-799,3429,47.84,-9.71,-4.62,-5.78,-7.99,34.29,-14.21,-16.57,-59.20,-168.57,76.26,0.61
1774,-547,7,-583,-986,3370,53.88,-12.08,-4.11,-5.83,-9.86,33.70,-13.99,-16.60,-59.20,-159.26,71.50,0.38
2165,-421,60,-958,-553,3635,61.69,-13.44,-3.33,-9.58,-5.53,36.35,-13.75,-16.64,-59.20,-204.24,49.73,-3.29
2274,-346,70,-1047,-552,3917,69.40,-14.21,-2.57,-10.47,-5.52,39.17,-13.47,-16.68,-59.20,-206.46,36.87,-3.33
2331,-167,56,-1007,-439,3879,76.68,-13.80,-1.98,-10.07,-4.39,38.79,-13.16,-16.72,-59.20,-201.57,10.36,-1.51
2345,-123,43,-919,-415,4027,83.31,-13.17,-1.52,-9.19,-4.15,40.27,-12.82,-16.75,-59.21,-191.36,4.86,0.08
984,-1014,12,-727,-311,4708,80.98,-18.04,-1.29,-7.27,-3.11,47.08,-12.49,-16.81,-59.22,11.57,131.56,2.95
340,-1011,28,-803,-467,4299,74.96,-22.40,-0.99,-8.03,-4.67,42.99,-12.19,-16.88,-59.23,98.17,122.88,1.91
19,-1553,-51,-353,-99,3807,67.58,-29.64,-1.20,-3.53,-0.99,38.07,-11.92,-16.98,-59.25,132.97,191.91,8.38
41,-1393,-68,-178,-154,3995,61.07,-35.17,-1.50,-1.78,-1.54,39.95,-11.68,-17.10,-59.27,117.12,157.11,9.51
41,-1184,-52,-727,-103,3651,55.21,-38.88,-1.66,-7.27,-1.03,36.51,-11.46,-17.24,-59.30,105.89,118.31,7.98
-15,-1159,-48,-880,-158,4273,49.60,-42.06,-1.79,-8.80,-1.58,42.73,-11.26,-17.39,-59.32,103.67,108.57,7.51
-66,-1057,-56,-641,-302,4375,44.24,-44.30,-1.95,-6.41,-3.02,43.75,-11.09,-17.55,-59.35,101.17,88.87,8.02
-59,-1045,-67,-556,-251,4115,39.46,-46.24,-2.17,-5.56,-2.51,41.15,-10.93,-17.72,-59.37,90.94,83.47,8.73
-56,-745,-113,-517,-348,4190,35.17,-46.16,-2.64,-5.17,-3.48,41.90,-10.80,-17.88,-59.40,82.27,37.98,12.12
-53,-673,-123,-573,-465,4291,31.33,-45.65,-3.13,-5.73,-4.65,42.91,-10.67,-18.05,-59.42,74.46,28.08,12.46
-38,-577,-163,-251,-374,3990,27.96,-44.61,-3.81,-2.51,-3.74,39.90,-10.56,-18.21,-59.44,65.73,15.52,15.13
-32,-560,-165,-195,-309,3913,24.97,-43.56,-4.43,-1.95,-3.09,39.13,-10.46,-18.37,-59.45,59.08,15.01,14.64
-47,-607,-167,-24,-388,3700,22.19,-42.91,-5.01,-0.24,-3.88,37.00,-10.37,-18.52,-59.46,56.04,23.52,14.20
-35,-642,-165,-17,-340,3727,19.76,-42.53,-5.51,-0.17,-3.40,37.27,-10.29,-18.68,-59.47,49.55,29.67,13.49
-53,-751,-166,-45,-262,3765,17.46,-42.86,-5.98,-0.45,-2.62,37.65,-10.22,-18.83,-59.48,47.89,45.78,13.09
-75,-715,-160,-26,-222,4656,15.25,-42.94,-6.35,-0.26,-2.22,46.56,-10.15,-18.99,-59.48,47.03,40.25,12.18
-248,-431,-76,-306,-405,3964,12.22,-41.27,-6.18,-3.06,-4.05,39.64,-10.10,-19.14,-59.48,67.62,0.19,5.25
-212,-299,-72,-276,-449,4666,9.70,-38.97,-6.00,-2.76,-4.49,46.66,-10.06,-19.28,-59.49,57.34,-15.48,5.10
-30,-156,-72,-142,-327,4085,8.55,-36.02,-5.84,-1.42,-3.27,40.85,-10.02,-19.41,-59.49,27.38,-31.63,5.27
-41,-186,-78,0,-329,4086,7.44,-33.56,-5.73,0.00,-3.29,40.86,-9.99,-19.53,-59.49,26.94,-22.30,5.89
-9,-62,-78,68,-389,3972,6.64,-30.58,-5.64,0.68,-3.89,39.72,-9.96,-19.64,-59.48,20.53,-35.50,5.99
-9,-58,-50,222,-388,3821,5.92,-27.87,-5.38,2.22,-3.88,38.21,-9.93,-19.74,-59.48,19.15,-30.92,3.90
-3,-23,28,219,-355,3905,5.31,-25.23,-4.67,2.19,-3.55,39.05,-9.90,-19.82,-59.48,17.06,-31.19,-1.96
-7,-15,46,340,-279,3936,4.74,-22.80,-3.92,3.40,-2.79,39.36,-9.88,-19.90,-59.47,16.56,-27.76,-2.70
-14,2,137,394,-268,3830,4.18,-20.50,-2.69,3.94,-2.68,38.30,-9.85,-19.97,-59.48,16.56,-25.96,-9.11
7,12,158,393,-235,3861,3.80,-18.38,-1.46,3.93,-2.35,38.61,-9.83,-20.02,-59.48,12.63,-23.43,-9.58
10,4,231,134,-312,3808,3.49,-16.52,0.09,1.34,-3.12,38.08,-9.82,-20.07,-59.49,11.56,-18.65,-14.12
3,0,241,55,-340,3952,3.16,-14.87,1.56,0.55,-3.40,39.52,-9.81,-20.11,-59.51,11.99,-14.88,-13.42
16,24,260,-273,-397,3632,2.94,-13.23,2.99,-2.73,-3.97,36.32,-9.80,-20.15,-59.53,9.59,-15.43,-13.51
22,32,260,-315,-413,3728,2.78,-11.71,4.27,-3.15,-4.13,37.28,-9.80,-20.17,-59.55,8.37,-13.75,-12.14
-6,-7,239,-388,-481,3692,2.46,-10.59,5.30,-3.88,-4.81,36.92,-9.79,-20.19,-59.58,12.05,-5.65,-9.27
-5,0,223,-413,-512,3874,2.19,-9.53,6.13,-4.13,-5.12,38.74,-9.80,-20.21,-59.61,11.37,-4.71,-7.03
-7,-1,193,-451,-478,3956,1.93,-8.58,6.70,-4.51,-4.78,39.56,-9.80,-20.22,-59.65,11.18,-2.75,-3.89
-3,2,150,-458,-455,3875,1.71,-7.71,6.94,-4.58,-4.55,38.75,-9.80,-20.23,-59.68,10.17,-1.56,0.01
3,5,140,-445,-463,3884,1.56,-6.91,7.10,-4.45,-4.63,38.84,-9.80,-20.24,-59.72,8.97,-0.49,1.03
-6,-4,64,-342,-495,3887,1.37,-6.24,6.78,-3.42,-4.95,38.87,-9.81,-20.24,-59.75,9.98,2.14,7.14
-3,-4,41,-293,-478,3889,1.21,-5.64,6.35,-2.93,-4.78,38.89,-9.81,-20.24,-59.78,9.23,3.28,8.64
-2,-1,8,-118,-395,3907,1.08,-5.08,5.77,-1.18,-3.95,39.07,-9.81,-20.24,-59.81,8.83,3.88,10.81
-1,1,5,-86,-377,3906,0.97,-4.57,5.22,-0.86,-3.77,39.06,-9.82,-20.24,-59.83,8.46,4.55,10.49
0,1,1,-66,-365,3910,0.87,-4.11,4.71,-0.66,-3.65,39.10,-9.82,-20.23,-59.85,8.12,5.42,10.28
3,0,0,-66,-383,3891,0.80,-3.70,4.24,-0.66,-3.83,38.91,-9.82,-20.23,-59.87,7.54,6.35,9.87
2,0,1,-68,-389,3907,0.73,-3.33,3.82,-0.68,-3.89,39.07,-9.82,-20.22,-59.89,7.56,7.05,9.35
2,2,0,-60,-375,3905,0.67,-2.98,3.44,-0.60,-3.75,39.05,-9.82,-20.22,-59.90,7.45,7.39,9.03
1,1,0,-57,-377,3906,0.61,-2.68,3.09,-0.57,-3.77,39.06,-9.81,-20.21,-59.92,7.48,8.11,8.67
1,1,-1,-60,-386,3908,0.56,-2.40,2.78,-0.60,-3.86,39.08,-9.81,-20.20,-59.93,7.38,8.63,8.42
1,0,-1,-71,-395,3891,0.51,-2.16,2.49,-0.71,-3.95,38.91,-9.81,-20.19,-59.94,7.28,9.23,8.12
1,1,0,-70,-385,3912,0.46,-1.94,2.24,-0.70,-3.85,39.12,-9.81,-20.18,-59.95,7.20,9.49,7.77
0,1,0,-62,-379,3905,0.42,-1.74,2.02,-0.62,-3.79,39.05,-9.81,-20.17,-59.96,7.26,9.86,7.53
1,0,0,-60,-384,3901,0.38,-1.57,1.82,-0.60,-3.84,39.01,-9.81,-20.15,-59.96,7.04,10.33,7.32
1,0,1,-62,-379,3908,0.35,-1.41,1.64,-0.62,-3.79,39.08,-9.80,-20.14,-59.97,6.98,10.62,7.05
0,-1,1,-69,-382,3914,0.31,-1.28,1.48,-0.69,-3.82,39.14,-9.80,-20.13,-59.98,7.06,11.02,6.88
0,-1,1,-71,-382,3906,0.28,-1.15,1.34,-0.71,-3.82,39.06,-9.80,-20.12,-59.98,7.00,11.24,6.73
1,-1,0,-66,-382,3904,0.26,-1.04,1.21,-0.66,-3.82,39.04,-9.80,-20.10,-59.99,6.80,11.44,6.68
0,0,0,-69,-379,3904,0.23,-0.94,1.09,-0.69,-3.79,39.04,-9.79,-20.09,-59.99,6.91,11.48,6.55
0,1,-1,-66,-380,3901,0.21,-0.84,0.97,-0.66,-3.80,39.01,-9.79,-20.07,-59.99,6.86,11.51,6.51
1,1,0,-61,-377,3914,0.20,-0.75,0.87,-0.61,-3.77,39.14,-9.79,-20.06,-60.00,6.68,11.67,6.33
2,1,1,-61,-379,3913,0.19,-0.67,0.79,-0.61,-3.79,39.13,-9.78,-20.04,-60.00,6.51,11.81,6.16
1,0,0,-70,-386,3893,0.18,-0.60,0.71,-0.70,-3.86,38.93,-9.78,-20.03,-60.00,6.64,12.08,6.16
1,0,0,-69,-383,3897,0.16,-0.54,0.64,-0.69,-3.83,38.97,-9.78,-20.01,-60.00,6.61,12.18,6.08
1,0,1,-63,-382,3911,0.15,-0.49,0.58,-0.63,-3.82,39.11,-9.77,-20.00,-60.01,6.59,12.28,5.93
1,0,1,-64,-388,3904,0.14,-0.44,0.53,-0.64,-3.88,39.04,-9.77,-19.98,-60.01,6.57,12.36,5.88
1,0,0,-64,-379,3901,0.14,-0.39,0.48,-0.64,-3.79,39.01,-9.77,-19.97,-60.01,6.55,12.43,5.91
1,0,1,-62,-380,3913,0.13,-0.36,0.44,-0.62,-3.80,39.13,-9.76,-19.95,-60.01,6.54,12.50,5.78
1,-1,1,-67,-384,3904,0.12,-0.33,0.40,-0.67,-3.84,39.04,-9.76,-19.94,-60.01,6.52,12.69,5.74
0,-1,1,-62,-381,3903,0.11,-0.30,0.37,-0.62,-3.81,39.03,-9.76,-19.92,-60.01,6.65,12.73,5.70
0,-1,0,-63,-385,3902,0.10,-0.28,0.33,-0.63,-3.85,39.02,-9.75,-19.91,-60.01,6.62,12.77,5.75
0,0,1,-67,-384,3901,0.09,-0.25,0.30,-0.67,-3.84,39.01,-9.75,-19.89,-60.01,6.60,12.66,5.64
1,0,1,-66,-382,3895,0.09,-0.22,0.28,-0.66,-3.82,38.95,-9.75,-19.87,-60.01,6.44,12.69,5.61
0,0,1,-64,-386,3913,0.08,-0.20,0.26,-0.64,-3.86,39.13,-9.74,-19.86,-60.01,6.58,12.73,5.59
1,0,1,-64,-377,3908,0.08,-0.18,0.24,-0.64,-3.77,39.08,-9.74,-19.84,-60.01,6.42,12.75,5.57
1,0,1,-61,-383,3898,0.07,-0.16,0.22,-0.61,-3.83,38.98,-9.74,-19.82,-60.01,6.41,12.78,5.55
1,1,0,-64,-374,3900,0.07,-0.14,0.20,-0.64,-3.74,39.00,-9.73,-19.81,-60.01,6.41,12.65,5.61
1,0,0,-67,-378,3890,0.07,-0.13,0.18,-0.67,-3.78,38.90,-9.73,-19.79,-60.01,6.40,12.82,5.59
1,0,0,-64,-388,3907,0.07,-0.11,0.16,-0.64,-3.88,39.07,-9.72,-19.78,-60.01,6.40,12.84,5.57
1,0,0,-63,-383,3914,0.07,-0.10,0.14,-0.63,-3.83,39.14,-9.72,-19.76,-60.01,6.40,12.85,5.55
1,0,0,-64,-377,3918,0.07,-0.09,0.13,-0.64,-3.77,39.18,-9.72,-19.74,-60.01,6.39,12.86,5.54
0,0,0,-68,-378,3898,0.06,-0.08,0.12,-0.68,-3.78,38.98,-9.71,-19.73,-60.01,6.53,12.86,5.52
0,0,1,-67,-377,3915,0.06,-0.07,0.11,-0.67,-3.77,39.15,-9.71,-19.71,-60.01,6.51,12.87,5.43
0,0,1,-67,-371,3912,0.05,-0.07,0.11,-0.67,-3.71,39.12,-9.71,-19.69,-60.01,6.50,12.87,5.43
1,-1,1,-65,-373,3910,0.05,-0.07,0.10,-0.65,-3.73,39.10,-9.70,-19.68,-60.00,6.35,13.01,5.42
0,-1,1,-64,-369,3903,0.05,-0.07,0.10,-0.64,-3.69,39.03,-9.70,-19.66,-60.00,6.49,13.00,5.42
0,0,1,-56,-377,3909,0.04,-0.06,0.09,-0.56,-3.77,39.09,-9.69,-19.64,-60.00,6.48,12.85,5.41
1,-1,1,-65,-388,3907,0.04,-0.06,0.09,-0.65,-3.88,39.07,-9.69,-19.63,-60.00,6.33,12.99,5.41
0,-1,0,-65,-378,3891,0.04,-0.06,0.08,-0.65,-3.78,38.91,-9.69,-19.61,-60.00,6.47,12.98,5.49
0,-1,0,-65,-382,3903,0.04,-0.06,0.07,-0.65,-3.82,39.03,-9.68,-19.59,-60.00,6.46,12.97,5.48
1,-1,2,-72,-382,3914,0.04,-0.06,0.08,-0.72,-3.82,39.14,-9.68,-19.58,-60.00,6.31,12.96,5.31
1,-1,2,-80,-383,3917,0.04,-0.06,0.08,-0.80,-3.83,39.17,-9.68,-19.56,-60.00,6.31,12.95,5.32
0,-1,0,-71,-385,3918,0.04,-0.06,0.07,-0.71,-3.85,39.18,-9.67,-19.54,-60.00,6.45,12.94,5.48
0,0,0,-69,-382,3917,0.03,-0.05,0.07,-0.69,-3.82,39.17,-9.67,-19.53,-60.00,6.44,12.78,5.47
0,1,1,-68,-380,3904,0.03,-0.04,0.07,-0.68,-3.80,39.04,-9.67,-19.51,-60.00,6.43,12.64,5.39
0,0,1,-68,-384,3905,0.03,-0.04,0.07,-0.68,-3.84,39.05,-9.66,-19.49,-60.00,6.43,12.79,5.38
-1,-1,0,-67,-381,3901,0.02,-0.04,0.06,-0.67,-3.81,39.01,-9.66,-19.48,-59.99,6.56,12.93,5.46
-1,0,0,-68,-382,3911,0.01,-0.04,0.05,-0.68,-3.82,39.11,-9.65,-19.46,-59.99,6.54,12.77,5.46
0,0,2,-63,-382,3909,0.01,-0.03,0.06,-0.63,-3.82,39.09,-9.65,-19.44,-59.99,6.39,12.77,5.29
-1,0,1,-65,-382,3910,0.00,-0.03,0.06,-0.65,-3.82,39.10,-9.65,-19.43,-59.99,6.52,12.76,5.38
0,0,0,-71,-381,3919,0.00,-0.03,0.05,-0.71,-3.81,39.19,-9.64,-19.41,-59.99,6.37,12.76,5.46
0,0,1,-75,-384,3913,0.00,-0.02,0.05,-0.75,-3.84,39.13,-9.64,-19.39,-59.99,6.37,12.75,5.37
1,0,1,-65,-388,3918,0.01,-0.02,0.06,-0.65,-3.88,39.18,-9.64,-19.37,-59.99,6.22,12.75,5.37
0,0,1,-62,-389,3912,0.01,-0.02,0.06,-0.62,-3.89,39.12,-9.63,-19.36,-59.99,6.37,12.74,5.37
0,0,1,-63,-385,3907,0.01,-0.02,0.06,-0.63,-3.85,39.07,-9.63,-19.34,-59.99,6.37,12.73,5.37
0,0,1,-62,-390,3902,0.01,-0.02,0.06,-0.62,-3.90,39.02,-9.63,-19.32,-59.99,6.36,12.72,5.37
-1,0,1,-69,-382,3922,-0.00,-0.01,0.06,-0.69,-3.82,39.22,-9.62,-19.31,-59.99,6.50,12.72,5.37
1,1,0,-69,-380,3913,0.00,-0.01,0.05,-0.69,-3.80,39.13,-9.62,-19.29,-59.98,6.21,12.57,5.45
0,1,0,-68,-379,3903,0.00,0.00,0.05,-0.68,-3.79,39.03,-9.62,-19.27,-59.98,6.35,12.57,5.45
0,0,1,-66,-378,3924,0.00,0.00,0.05,-0.66,-3.78,39.24,-9.61,-19.26,-59.98,6.35,12.71,5.36
0,0,1,-65,-381,3910,0.00,0.00,0.05,-0.65,-3.81,39.10,-9.61,-19.24,-59.98,6.35,12.70,5.37
0,1,0,-60,-382,3927,0.00,0.01,0.04,-0.60,-3.82,39.27,-9.60,-19.22,-59.98,6.34,12.55,5.45
